CubeToSwitchPath
127
0.000 0.011 0.549 27.474 0.000 0.020 0.000 0.992
0.001 0.022 0.549 -0.003 0.000 0.020 0.001 0.992
0.002 0.049 1.373 41.194 0.000 0.020 0.002 0.992
0.003 0.088 1.922 27.421 0.000 0.020 0.003 0.992
0.006 0.137 2.469 27.352 0.000 0.020 0.006 0.992
0.010 0.198 3.014 27.239 0.000 0.020 0.010 0.992
0.015 0.269 3.555 27.073 0.000 0.020 0.015 0.992
0.022 0.350 4.092 26.842 0.000 0.020 0.022 0.992
0.031 0.443 4.623 26.538 0.000 0.020 0.031 0.992
0.042 0.540 4.873 12.520 0.000 0.020 0.042 0.992
0.055 0.637 4.844 -1.430 0.000 0.020 0.055 0.992
0.069 0.733 4.811 -1.675 0.000 0.020 0.069 0.992
0.086 0.829 4.773 -1.915 0.001 0.020 0.086 0.992
0.105 0.924 4.730 -2.150 0.001 0.020 0.105 0.992
0.125 1.017 4.682 -2.381 0.001 0.020 0.125 0.993
0.147 1.110 4.630 -2.609 0.002 0.020 0.147 0.993
0.171 1.201 4.573 -2.836 0.003 0.020 0.171 0.993
0.197 1.291 4.512 -3.065 0.004 0.020 0.197 0.993
0.225 1.380 4.446 -3.299 0.005 0.020 0.225 0.993
0.254 1.468 4.375 -3.542 0.006 0.020 0.254 0.993
0.285 1.554 4.299 -3.797 0.008 0.020 0.285 0.993
0.318 1.638 4.218 -4.070 0.009 0.020 0.318 0.993
0.352 1.721 4.130 -4.367 0.012 0.020 0.352 0.994
0.388 1.802 4.036 -4.694 0.014 0.020 0.388 0.994
0.426 1.880 3.935 -5.059 0.017 0.020 0.426 0.995
0.465 1.957 3.826 -5.470 0.021 0.020 0.465 0.996
0.506 2.031 3.707 -5.936 0.024 0.020 0.505 0.997
0.548 2.102 3.578 -6.469 0.029 0.020 0.548 0.998
0.591 2.171 3.436 -7.082 0.034 0.020 0.591 0.999
0.636 2.237 3.280 -7.788 0.040 0.020 0.636 1.001
0.682 2.299 3.108 -8.605 0.046 0.020 0.682 1.003
0.729 2.357 2.917 -9.551 0.054 0.020 0.729 1.005
0.777 2.411 2.704 -10.649 0.062 0.020 0.777 1.008
0.826 2.461 2.466 -11.923 0.071 0.020 0.826 1.011
0.876 2.505 2.198 -13.400 0.081 0.020 0.876 1.015
0.927 2.543 1.896 -15.110 0.093 0.020 0.927 1.019
0.979 2.574 1.554 -17.086 0.106 0.020 0.978 1.024
1.031 2.597 1.167 -19.360 0.120 0.020 1.029 1.030
1.083 2.612 0.727 -21.958 0.136 0.020 1.081 1.037
1.135 2.616 0.230 -24.897 0.154 0.020 1.133 1.044
1.187 2.609 -0.334 -28.175 0.175 0.020 1.184 1.053
1.239 2.590 -0.969 -31.748 0.197 0.020 1.235 1.063
1.290 2.556 -1.679 -35.508 0.222 0.020 1.285 1.073
1.340 2.507 -2.464 -39.237 0.251 0.020 1.334 1.085
1.389 2.441 -3.315 -42.556 0.282 0.020 1.381 1.098
1.436 2.357 -4.212 -44.838 0.317 0.020 1.426 1.112
1.481 2.254 -5.114 -45.125 0.357 0.020 1.469 1.126
1.524 2.135 -5.955 -42.049 0.400 0.020 1.508 1.142
1.564 2.003 -6.632 -33.822 0.449 0.020 1.545 1.159
1.602 1.863 -7.000 -18.409 0.502 0.020 1.578 1.176
1.636 1.725 -6.880 5.994 0.560 0.020 1.608 1.193
1.668 1.603 -6.079 40.047 0.622 0.020 1.635 1.211
1.698 1.515 -4.438 82.044 0.688 0.020 1.659 1.229
1.728 1.477 -1.900 126.915 0.757 0.020 1.681 1.249
1.758 1.505 1.428 166.412 0.827 0.020 1.702 1.270
1.790 1.609 5.163 186.748 0.897 0.020 1.723 1.295
1.826 1.785 8.830 183.329 0.966 0.020 1.744 1.324
1.866 2.025 12.005 158.747 1.030 0.020 1.766 1.358
1.913 2.312 14.324 115.954 1.091 0.020 1.788 1.398
1.965 2.625 15.642 65.886 1.146 0.020 1.811 1.445
2.024 2.945 16.014 18.590 1.195 0.020 1.834 1.499
2.089 3.257 15.620 -19.678 1.238 0.020 1.857 1.561
2.160 3.550 14.634 -49.311 1.276 0.020 1.879 1.628
2.236 3.812 13.098 -76.766 1.309 0.020 1.900 1.701
2.317 4.040 11.388 -85.497 1.337 0.020 1.919 1.780
2.402 4.236 9.807 -79.052 1.360 0.020 1.938 1.862
2.490 4.401 8.252 -77.751 1.379 0.020 1.956 1.949
2.581 4.536 6.760 -74.599 1.394 0.020 1.972 2.038
2.673 4.643 5.347 -70.690 1.405 0.020 1.988 2.129
2.768 4.723 4.013 -66.707 1.414 0.020 2.003 2.223
2.864 4.778 2.751 -63.051 1.420 0.020 2.018 2.317
2.960 4.811 1.625 -56.318 1.423 0.020 2.032 2.412
3.056 4.827 0.831 -39.724 1.424 0.020 2.046 2.508
3.153 4.834 0.308 -26.132 1.422 0.020 2.060 2.603
3.250 4.831 -0.148 -22.798 1.419 0.020 2.075 2.699
3.346 4.820 -0.553 -20.235 1.414 0.020 2.090 2.794
3.442 4.801 -0.919 -18.328 1.408 0.020 2.105 2.889
3.538 4.776 -1.259 -16.979 1.400 0.020 2.121 2.983
3.632 4.744 -1.581 -16.101 1.390 0.020 2.137 3.077
3.727 4.706 -1.893 -15.615 1.379 0.020 2.155 3.169
3.820 4.662 -2.202 -15.447 1.368 0.020 2.173 3.260
3.912 4.612 -2.513 -15.527 1.355 0.020 2.192 3.351
4.003 4.556 -2.828 -15.782 1.341 0.020 2.212 3.440
4.093 4.493 -3.151 -16.141 1.327 0.020 2.233 3.527
4.181 4.423 -3.482 -16.533 1.312 0.020 2.255 3.613
4.268 4.347 -3.819 -16.888 1.297 0.020 2.278 3.696
4.354 4.263 -4.162 -17.138 1.281 0.020 2.302 3.778
4.437 4.173 -4.507 -17.227 1.265 0.020 2.326 3.858
4.519 4.076 -4.849 -17.103 1.249 0.020 2.352 3.936
4.598 3.973 -5.183 -16.733 1.233 0.020 2.377 4.011
4.675 3.862 -5.505 -16.096 1.218 0.020 2.403 4.084
4.750 3.746 -5.809 -15.188 1.203 0.020 2.430 4.154
4.823 3.624 -6.090 -14.023 1.188 0.020 2.456 4.221
4.893 3.498 -6.342 -12.629 1.174 0.020 2.483 4.286
4.960 3.366 -6.563 -11.046 1.160 0.020 2.510 4.348
5.025 3.231 -6.750 -9.320 1.147 0.020 2.536 4.407
5.087 3.093 -6.900 -7.505 1.135 0.020 2.562 4.463
5.146 2.953 -7.013 -5.653 1.124 0.020 2.587 4.516
5.202 2.811 -7.089 -3.814 1.114 0.020 2.611 4.567
5.255 2.669 -7.130 -2.034 1.104 0.020 2.635 4.615
5.306 2.526 -7.137 -0.349 1.096 0.020 2.658 4.660
5.353 2.384 -7.112 1.209 1.088 0.020 2.680 4.702
5.398 2.243 -7.060 2.617 1.081 0.020 2.701 4.742
5.440 2.103 -6.983 3.859 1.075 0.020 2.721 4.779
5.480 1.965 -6.884 4.925 1.070 0.020 2.740 4.813
5.516 1.830 -6.768 5.811 1.065 0.020 2.757 4.845
5.550 1.697 -6.638 6.517 1.061 0.020 2.774 4.875
5.581 1.567 -6.497 7.044 1.058 0.020 2.789 4.902
5.610 1.440 -6.349 7.401 1.055 0.020 2.803 4.928
5.637 1.316 -6.197 7.593 1.053 0.020 2.816 4.950
5.661 1.195 -6.044 7.631 1.052 0.020 2.828 4.971
5.682 1.078 -5.894 7.525 1.050 0.020 2.839 4.990
5.701 0.963 -5.748 7.286 1.049 0.020 2.848 5.007
5.718 0.850 -5.610 6.925 1.049 0.020 2.857 5.021
5.733 0.741 -5.481 6.455 1.048 0.020 2.864 5.034
5.746 0.633 -5.363 5.888 1.048 0.020 2.871 5.045
5.756 0.528 -5.258 5.236 1.047 0.020 2.876 5.054
5.765 0.426 -5.093 8.244 1.047 0.020 2.880 5.062
5.772 0.333 -4.668 21.256 1.047 0.020 2.884 5.067
5.777 0.252 -4.061 30.352 1.047 0.020 2.886 5.072
5.780 0.182 -3.473 29.403 1.047 0.020 2.888 5.075
5.783 0.124 -2.899 28.683 1.047 0.020 2.889 5.077
5.784 0.078 -2.336 28.166 1.047 0.020 2.890 5.078
5.785 0.042 -1.780 27.823 1.047 0.020 2.890 5.079
5.785 0.018 -1.227 27.618 1.047 0.020 2.890 5.079
5.786 0.004 -0.677 27.516 1.047 0.020 2.891 5.080
5.786 0.000 -0.201 23.795 1.047 0.020 2.891 5.080
0.000 0.011 0.549 27.474 0.000 0.020 0.000 -0.992
0.001 0.022 0.550 0.003 0.000 0.020 0.001 -0.992
0.002 0.049 1.374 41.228 0.000 0.020 0.002 -0.992
0.003 0.088 1.925 27.527 0.000 0.020 0.003 -0.992
0.006 0.137 2.477 27.596 0.000 0.020 0.006 -0.992
0.010 0.198 3.031 27.708 0.000 0.020 0.010 -0.992
0.015 0.270 3.588 27.875 0.000 0.020 0.015 -0.992
0.022 0.353 4.150 28.105 0.000 0.020 0.022 -0.992
0.031 0.447 4.719 28.410 0.000 0.020 0.031 -0.992
0.042 0.548 5.018 14.954 0.000 0.020 0.042 -0.992
0.055 0.649 5.046 1.430 0.000 0.020 0.055 -0.992
0.070 0.750 5.080 1.675 0.000 0.020 0.070 -0.992
0.087 0.852 5.118 1.915 0.001 0.020 0.087 -0.992
0.106 0.956 5.161 2.150 0.001 0.020 0.106 -0.992
0.128 1.060 5.209 2.381 0.001 0.020 0.128 -0.992
0.151 1.165 5.261 2.609 0.002 0.020 0.151 -0.992
0.176 1.271 5.318 2.836 0.003 0.020 0.176 -0.992
0.204 1.379 5.379 3.065 0.004 0.020 0.204 -0.992
0.234 1.488 5.445 3.299 0.005 0.020 0.234 -0.992
0.266 1.598 5.516 3.541 0.006 0.020 0.266 -0.992
0.300 1.710 5.592 3.797 0.008 0.020 0.300 -0.992
0.336 1.824 5.673 4.070 0.009 0.020 0.336 -0.991
0.375 1.939 5.760 4.367 0.012 0.020 0.375 -0.991
0.416 2.056 5.854 4.694 0.014 0.020 0.416 -0.990
0.460 2.175 5.955 5.059 0.017 0.020 0.460 -0.990
0.506 2.296 6.065 5.469 0.021 0.020 0.506 -0.989
0.554 2.420 6.183 5.936 0.024 0.020 0.554 -0.988
0.605 2.546 6.313 6.469 0.029 0.020 0.605 -0.986
0.659 2.675 6.454 7.081 0.034 0.020 0.658 -0.985
0.715 2.807 6.610 7.787 0.040 0.020 0.715 -0.983
0.774 2.943 6.782 8.604 0.046 0.020 0.773 -0.980
0.835 3.083 6.973 9.550 0.054 0.020 0.835 -0.977
0.900 3.226 7.186 10.647 0.062 0.020 0.899 -0.973
0.967 3.375 7.425 11.920 0.071 0.020 0.967 -0.969
1.038 3.529 7.693 13.396 0.081 0.020 1.037 -0.964
1.112 3.688 7.995 15.106 0.093 0.020 1.111 -0.957
1.189 3.855 8.336 17.081 0.106 0.020 1.187 -0.949
1.269 4.030 8.723 19.353 0.120 0.020 1.267 -0.940
1.354 4.213 9.162 21.949 0.136 0.020 1.351 -0.930
1.442 4.406 9.660 24.886 0.154 0.020 1.438 -0.917
1.534 4.611 10.223 28.160 0.175 0.020 1.529 -0.902
1.630 4.828 10.858 31.729 0.197 0.020 1.624 -0.884
1.732 5.059 11.567 35.483 0.222 0.020 1.723 -0.863
1.838 5.306 12.352 39.206 0.251 0.020 1.826 -0.838
1.949 5.570 13.202 42.516 0.282 0.020 1.934 -0.809
2.066 5.852 14.098 44.789 0.317 0.020 2.045 -0.774
2.189 6.152 14.999 45.066 0.357 0.020 2.162 -0.734
2.319 6.469 15.839 41.980 0.400 0.020 2.282 -0.686
2.455 6.799 16.514 33.748 0.449 0.020 2.406 -0.630
2.597 7.137 16.880 18.336 0.502 0.020 2.533 -0.565
2.747 7.472 16.759 -6.053 0.560 0.020 2.662 -0.489
2.903 7.791 15.958 -40.074 0.622 0.020 2.791 -0.402
3.064 8.077 14.317 -82.018 0.688 0.020 2.919 -0.304
3.230 8.313 11.781 -126.820 0.757 0.020 3.044 -0.194
3.400 8.482 8.456 -166.245 0.827 0.020 3.163 -0.073
3.571 8.566 4.176 -213.985 0.897 0.020 3.274 0.057
3.742 8.554 -0.584 -238.011 0.966 0.020 3.376 0.194
3.912 8.457 -4.853 -213.468 1.030 0.020 3.468 0.337
4.077 8.292 -8.268 -170.750 1.091 0.020 3.549 0.481
4.239 8.078 -10.684 -120.766 1.146 0.020 3.620 0.627
4.396 7.835 -12.154 -73.542 1.195 0.020 3.681 0.771
4.547 7.578 -12.861 -35.323 1.238 0.020 3.733 0.913
4.693 7.315 -13.123 -13.086 1.276 0.020 3.778 1.052
4.834 7.047 -13.385 -13.110 1.309 0.020 3.817 1.188
4.970 6.781 -13.325 2.991 1.337 0.020 3.850 1.319
5.101 6.524 -12.844 24.026 1.360 0.020 3.879 1.447
5.226 6.276 -12.390 22.738 1.379 0.020 3.904 1.570
5.347 6.036 -11.998 19.598 1.394 0.020 3.926 1.688
5.463 5.803 -11.684 15.699 1.405 0.020 3.946 1.803
5.574 5.574 -11.449 11.726 1.414 0.020 3.964 1.913
5.681 5.348 -11.288 8.077 1.420 0.020 3.980 2.018
5.784 5.126 -11.113 8.722 1.423 0.020 3.995 2.120
5.882 4.911 -10.721 19.607 1.424 0.020 4.010 2.217
5.976 4.707 -10.199 26.121 1.422 0.020 4.024 2.310
6.066 4.512 -9.743 22.790 1.419 0.020 4.037 2.399
6.153 4.326 -9.338 20.229 1.414 0.020 4.050 2.485
6.236 4.146 -8.972 18.325 1.408 0.020 4.064 2.567
6.315 3.974 -8.632 16.977 1.400 0.020 4.077 2.645
6.391 3.807 -8.310 16.100 1.390 0.020 4.090 2.720
6.464 3.647 -7.998 15.615 1.379 0.020 4.104 2.792
6.534 3.494 -7.689 15.448 1.368 0.020 4.117 2.860
6.601 3.346 -7.378 15.528 1.355 0.020 4.131 2.926
6.665 3.205 -7.063 15.784 1.341 0.020 4.145 2.988
6.727 3.070 -6.740 16.144 1.327 0.020 4.160 3.048
6.786 2.942 -6.409 16.536 1.312 0.020 4.174 3.105
6.842 2.820 -6.071 16.891 1.297 0.020 4.189 3.159
6.896 2.706 -5.728 17.142 1.281 0.020 4.204 3.211
6.948 2.598 -5.384 17.230 1.265 0.020 4.219 3.261
6.998 2.497 -5.042 17.107 1.249 0.020 4.235 3.308
7.046 2.403 -4.707 16.736 1.233 0.020 4.250 3.354
7.092 2.315 -4.385 16.098 1.218 0.020 4.266 3.397
7.137 2.234 -4.081 15.190 1.203 0.020 4.282 3.439
7.180 2.158 -3.801 14.025 1.188 0.020 4.298 3.479
7.222 2.087 -3.548 12.630 1.174 0.020 4.313 3.518
7.262 2.020 -3.327 11.046 1.160 0.020 4.329 3.555
7.301 1.958 -3.141 9.320 1.147 0.020 4.345 3.591
7.339 1.898 -2.991 7.505 1.135 0.020 4.361 3.625
7.376 1.840 -2.878 5.652 1.124 0.020 4.377 3.659
7.412 1.784 -2.801 3.813 1.114 0.020 4.392 3.691
7.446 1.729 -2.761 2.032 1.104 0.020 4.408 3.722
7.480 1.674 -2.754 0.347 1.096 0.020 4.423 3.752
7.512 1.618 -2.778 -1.211 1.088 0.020 4.438 3.780
7.544 1.562 -2.830 -2.618 1.081 0.020 4.452 3.808
7.574 1.504 -2.908 -3.860 1.075 0.020 4.467 3.834
7.603 1.443 -3.006 -4.927 1.070 0.020 4.480 3.860
7.630 1.381 -3.122 -5.812 1.065 0.020 4.494 3.884
7.656 1.316 -3.253 -6.517 1.061 0.020 4.507 3.907
7.681 1.248 -3.394 -7.045 1.058 0.020 4.519 3.929
7.705 1.177 -3.542 -7.401 1.055 0.020 4.530 3.949
7.727 1.103 -3.694 -7.594 1.053 0.020 4.541 3.968
7.748 1.026 -3.846 -7.631 1.052 0.020 4.551 3.986
7.766 0.946 -3.997 -7.525 1.050 0.020 4.561 4.003
7.784 0.864 -4.142 -7.286 1.049 0.020 4.569 4.018
7.799 0.778 -4.281 -6.925 1.049 0.020 4.577 4.031
7.813 0.690 -4.410 -6.455 1.048 0.020 4.584 4.043
7.825 0.599 -4.528 -5.888 1.048 0.020 4.590 4.053
7.835 0.507 -4.632 -5.236 1.047 0.020 4.595 4.062
7.843 0.414 -4.650 -0.872 1.047 0.020 4.599 4.069
7.850 0.326 -4.378 13.589 1.047 0.020 4.603 4.075
7.855 0.248 -3.886 24.595 1.047 0.020 4.605 4.079
7.859 0.181 -3.375 25.545 1.047 0.020 4.607 4.083
7.861 0.124 -2.850 26.265 1.047 0.020 4.608 4.085
7.863 0.077 -2.314 26.782 1.047 0.020 4.609 4.086
7.863 0.042 -1.772 27.125 1.047 0.020 4.609 4.087
7.864 0.018 -1.225 27.330 1.047 0.020 4.609 4.087
7.864 0.004 -0.677 27.431 1.047 0.020 4.609 4.087
7.864 0.000 -0.201 23.782 1.047 0.020 4.609 4.087
