FarIntakeToScalePath
118
0.000 0.011 0.555 27.731 1.134 0.020 -0.899 0.420
0.001 0.022 0.555 0.004 1.134 0.020 -0.899 0.420
0.002 0.050 1.387 41.615 1.134 0.020 -0.899 0.421
0.003 0.089 1.943 27.791 1.134 0.020 -0.898 0.422
0.006 0.139 2.500 27.869 1.134 0.020 -0.897 0.425
0.010 0.200 3.060 27.997 1.134 0.020 -0.895 0.429
0.016 0.272 3.624 28.186 1.134 0.020 -0.893 0.434
0.023 0.356 4.193 28.448 1.134 0.020 -0.890 0.440
0.032 0.452 4.769 28.792 1.134 0.020 -0.886 0.448
0.043 0.553 5.074 15.246 1.134 0.020 -0.881 0.458
0.056 0.655 5.106 1.620 1.134 0.020 -0.876 0.470
0.071 0.758 5.144 1.897 1.134 0.020 -0.869 0.484
0.088 0.862 5.187 2.168 1.134 0.020 -0.862 0.499
0.108 0.967 5.236 2.432 1.133 0.020 -0.854 0.517
0.129 1.072 5.290 2.691 1.133 0.020 -0.845 0.536
0.153 1.179 5.349 2.948 1.132 0.020 -0.835 0.558
0.178 1.288 5.413 3.204 1.131 0.020 -0.824 0.581
0.206 1.397 5.482 3.462 1.130 0.020 -0.812 0.606
0.237 1.508 5.557 3.727 1.129 0.020 -0.799 0.634
0.269 1.621 5.637 4.004 1.128 0.020 -0.785 0.663
0.304 1.736 5.723 4.296 1.126 0.020 -0.770 0.694
0.341 1.852 5.815 4.612 1.124 0.020 -0.754 0.728
0.380 1.970 5.914 4.957 1.121 0.020 -0.737 0.763
0.422 2.091 6.021 5.340 1.118 0.020 -0.719 0.801
0.466 2.213 6.136 5.770 1.115 0.020 -0.700 0.841
0.513 2.339 6.261 6.258 1.111 0.020 -0.679 0.883
0.562 2.467 6.398 6.814 1.107 0.020 -0.657 0.927
0.614 2.597 6.547 7.454 1.102 0.020 -0.634 0.973
0.669 2.732 6.711 8.192 1.096 0.020 -0.609 1.022
0.726 2.869 6.891 9.047 1.089 0.020 -0.582 1.073
0.786 3.011 7.092 10.037 1.082 0.020 -0.554 1.126
0.850 3.158 7.316 11.187 1.074 0.020 -0.524 1.182
0.916 3.309 7.566 12.523 1.064 0.020 -0.493 1.240
0.985 3.466 7.848 14.072 1.054 0.020 -0.459 1.300
1.058 3.629 8.165 15.866 1.042 0.020 -0.422 1.363
1.134 3.800 8.524 17.938 1.029 0.020 -0.384 1.428
1.213 3.978 8.930 20.317 1.014 0.020 -0.342 1.496
1.297 4.166 9.391 23.028 0.998 0.020 -0.298 1.567
1.384 4.364 9.912 26.083 0.979 0.020 -0.250 1.640
1.475 4.574 10.502 29.465 0.958 0.020 -0.198 1.715
1.571 4.798 11.164 33.111 0.935 0.020 -0.142 1.793
1.672 5.036 11.902 36.879 0.909 0.020 -0.081 1.873
1.778 5.290 12.712 40.501 0.880 0.020 -0.015 1.956
1.889 5.562 13.582 43.516 0.847 0.020 0.058 2.040
2.006 5.851 14.486 45.191 0.811 0.020 0.137 2.126
2.129 6.159 15.374 44.428 0.770 0.020 0.223 2.214
2.259 6.482 16.168 39.709 0.725 0.020 0.318 2.302
2.395 6.817 16.751 29.134 0.675 0.020 0.423 2.390
2.538 7.156 16.965 10.692 0.620 0.020 0.537 2.476
2.688 7.489 16.623 -17.111 0.561 0.020 0.661 2.560
2.844 7.790 15.069 -77.670 0.497 0.020 0.796 2.638
3.005 8.033 12.154 -145.772 0.431 0.020 0.939 2.710
3.169 8.201 8.383 -188.525 0.362 0.020 1.091 2.774
3.334 8.281 4.020 -218.158 0.293 0.020 1.248 2.827
3.500 8.271 -0.512 -226.632 0.225 0.020 1.407 2.869
3.663 8.176 -4.741 -211.427 0.160 0.020 1.568 2.900
3.823 8.011 -8.278 -176.830 0.098 0.020 1.727 2.921
3.979 7.793 -10.913 -131.794 0.042 0.020 1.882 2.932
4.130 7.534 -12.942 -101.411 6.274 0.020 2.033 2.934
4.275 7.251 -14.135 -59.662 6.228 0.020 2.178 2.929
4.414 6.963 -14.403 -13.387 6.187 0.020 2.317 2.919
4.548 6.677 -14.278 6.226 6.151 0.020 2.450 2.904
4.676 6.399 -13.930 17.412 6.121 0.020 2.576 2.885
4.798 6.129 -13.482 22.406 6.094 0.020 2.697 2.863
4.916 5.869 -13.016 23.290 6.071 0.020 2.812 2.840
5.028 5.617 -12.582 21.701 6.052 0.020 2.921 2.815
5.136 5.373 -12.206 18.802 6.035 0.020 3.026 2.790
5.238 5.140 -11.662 27.213 6.022 0.020 3.125 2.764
5.337 4.922 -10.897 38.217 6.011 0.020 3.220 2.738
5.431 4.719 -10.161 36.806 6.002 0.020 3.311 2.712
5.522 4.528 -9.519 32.105 5.994 0.020 3.398 2.686
5.609 4.349 -8.956 28.137 5.989 0.020 3.481 2.661
5.692 4.180 -8.460 24.805 5.984 0.020 3.561 2.637
5.773 4.020 -8.020 22.012 5.981 0.020 3.638 2.613
5.850 3.867 -7.627 19.665 5.979 0.020 3.712 2.590
5.925 3.722 -7.273 17.682 5.978 0.020 3.783 2.568
5.996 3.583 -6.953 15.994 5.978 0.020 3.851 2.546
6.065 3.449 -6.662 14.540 5.978 0.020 3.917 2.526
6.132 3.321 -6.397 13.268 5.979 0.020 3.980 2.506
6.196 3.198 -6.154 12.136 5.981 0.020 4.041 2.487
6.257 3.080 -5.932 11.109 5.983 0.020 4.100 2.468
6.316 2.965 -5.729 10.158 5.985 0.020 4.157 2.451
6.374 2.854 -5.544 9.263 5.987 0.020 4.211 2.434
6.428 2.747 -5.376 8.405 5.990 0.020 4.264 2.418
6.481 2.642 -5.224 7.573 5.992 0.020 4.315 2.403
6.532 2.540 -5.089 6.760 5.995 0.020 4.363 2.388
6.581 2.441 -4.970 5.961 5.997 0.020 4.410 2.374
6.628 2.344 -4.866 5.176 6.000 0.020 4.455 2.361
6.673 2.248 -4.778 4.408 6.002 0.020 4.498 2.349
6.716 2.154 -4.705 3.658 6.005 0.020 4.540 2.337
6.757 2.061 -4.646 2.934 6.007 0.020 4.579 2.326
6.796 1.969 -4.601 2.241 6.009 0.020 4.617 2.315
6.834 1.878 -4.570 1.585 6.011 0.020 4.653 2.305
6.870 1.787 -4.550 0.972 6.013 0.020 4.688 2.295
6.904 1.696 -4.542 0.410 6.014 0.020 4.720 2.286
6.936 1.605 -4.544 -0.097 6.016 0.020 4.751 2.278
6.966 1.514 -4.555 -0.545 6.017 0.020 4.781 2.270
6.994 1.422 -4.573 -0.930 6.018 0.020 4.808 2.262
7.021 1.330 -4.599 -1.251 6.019 0.020 4.834 2.255
7.046 1.238 -4.629 -1.507 6.019 0.020 4.858 2.249
7.069 1.145 -4.663 -1.698 6.020 0.020 4.880 2.243
7.090 1.051 -4.699 -1.826 6.020 0.020 4.900 2.237
7.109 0.956 -4.737 -1.893 6.021 0.020 4.919 2.232
7.126 0.860 -4.775 -1.903 6.021 0.020 4.935 2.228
7.141 0.764 -4.812 -1.860 6.021 0.020 4.950 2.224
7.155 0.667 -4.848 -1.768 6.021 0.020 4.963 2.220
7.166 0.570 -4.880 -1.633 6.021 0.020 4.974 2.218
7.176 0.471 -4.909 -1.459 6.021 0.020 4.983 2.215
7.183 0.377 -4.727 9.132 6.021 0.020 4.990 2.213
7.189 0.292 -4.262 23.244 6.021 0.020 4.996 2.212
7.193 0.217 -3.722 26.993 6.021 0.020 5.000 2.210
7.196 0.154 -3.177 27.248 6.021 0.020 5.003 2.210
7.198 0.101 -2.628 27.439 6.021 0.020 5.005 2.209
7.200 0.060 -2.077 27.572 6.021 0.020 5.006 2.209
7.200 0.029 -1.524 27.657 6.021 0.020 5.007 2.209
7.200 0.010 -0.970 27.704 6.021 0.020 5.007 2.209
7.200 0.001 -0.415 27.725 6.021 0.020 5.007 2.209
7.200 0.000 -0.069 17.311 6.021 0.020 5.007 2.209
0.000 0.011 0.555 27.731 1.134 0.020 0.900 -0.419
0.001 0.022 0.555 -0.004 1.134 0.020 0.900 -0.419
0.002 0.050 1.386 41.577 1.134 0.020 0.900 -0.418
0.003 0.089 1.939 27.670 1.134 0.020 0.901 -0.416
0.006 0.139 2.491 27.592 1.134 0.020 0.902 -0.414
0.010 0.199 3.041 27.464 1.134 0.020 0.904 -0.410
0.016 0.271 3.586 27.275 1.134 0.020 0.906 -0.405
0.023 0.354 4.126 27.014 1.134 0.020 0.909 -0.399
0.032 0.447 4.660 26.669 1.134 0.020 0.913 -0.391
0.042 0.545 4.909 12.485 1.134 0.020 0.917 -0.381
0.055 0.643 4.877 -1.620 1.134 0.020 0.923 -0.369
0.070 0.739 4.839 -1.897 1.134 0.020 0.929 -0.356
0.087 0.835 4.796 -2.168 1.134 0.020 0.936 -0.341
0.105 0.930 4.747 -2.432 1.133 0.020 0.944 -0.324
0.126 1.024 4.693 -2.691 1.133 0.020 0.953 -0.305
0.148 1.117 4.634 -2.948 1.132 0.020 0.962 -0.285
0.172 1.208 4.570 -3.204 1.131 0.020 0.972 -0.263
0.198 1.298 4.501 -3.462 1.130 0.020 0.984 -0.240
0.226 1.387 4.426 -3.727 1.129 0.020 0.995 -0.215
0.255 1.474 4.346 -4.004 1.128 0.020 1.008 -0.188
0.287 1.559 4.260 -4.296 1.126 0.020 1.021 -0.160
0.320 1.642 4.168 -4.612 1.124 0.020 1.036 -0.130
0.354 1.724 4.069 -4.957 1.121 0.020 1.050 -0.099
0.390 1.803 3.962 -5.340 1.118 0.020 1.066 -0.067
0.428 1.880 3.847 -5.770 1.115 0.020 1.083 -0.033
0.467 1.954 3.722 -6.258 1.111 0.020 1.100 0.002
0.507 2.026 3.585 -6.815 1.107 0.020 1.118 0.038
0.549 2.095 3.436 -7.455 1.102 0.020 1.137 0.076
0.592 2.160 3.272 -8.193 1.096 0.020 1.156 0.114
0.637 2.222 3.091 -9.048 1.089 0.020 1.177 0.154
0.682 2.280 2.891 -10.039 1.082 0.020 1.198 0.194
0.729 2.333 2.667 -11.190 1.074 0.020 1.220 0.235
0.777 2.381 2.416 -12.526 1.064 0.020 1.243 0.277
0.825 2.424 2.135 -14.076 1.054 0.020 1.267 0.319
0.874 2.460 1.817 -15.871 1.042 0.020 1.291 0.362
0.924 2.490 1.459 -17.943 1.029 0.020 1.317 0.405
0.974 2.511 1.052 -20.324 1.014 0.020 1.343 0.447
1.025 2.522 0.591 -23.038 0.998 0.020 1.370 0.490
1.075 2.524 0.069 -26.095 0.979 0.020 1.398 0.532
1.126 2.513 -0.520 -29.481 0.958 0.020 1.426 0.574
1.175 2.490 -1.183 -33.132 0.935 0.020 1.455 0.614
1.224 2.451 -1.921 -36.906 0.909 0.020 1.485 0.653
1.272 2.397 -2.732 -40.534 0.880 0.020 1.515 0.690
1.319 2.325 -3.603 -43.558 0.847 0.020 1.545 0.726
1.363 2.235 -4.508 -45.242 0.811 0.020 1.575 0.759
1.406 2.127 -5.397 -44.490 0.770 0.020 1.605 0.789
1.446 2.003 -6.193 -39.779 0.725 0.020 1.635 0.816
1.483 1.867 -6.777 -29.208 0.675 0.020 1.663 0.840
1.518 1.727 -6.992 -10.761 0.620 0.020 1.691 0.861
1.550 1.594 -6.651 17.061 0.561 0.020 1.717 0.879
1.579 1.481 -5.652 49.942 0.497 0.020 1.743 0.894
1.608 1.404 -3.844 90.393 0.431 0.020 1.768 0.907
1.635 1.381 -1.180 133.219 0.362 0.020 1.793 0.917
1.664 1.422 2.078 162.911 0.293 0.020 1.820 0.926
1.694 1.532 5.506 171.407 0.225 0.020 1.850 0.934
1.728 1.705 8.630 156.178 0.160 0.020 1.883 0.941
1.767 1.926 11.060 121.523 0.098 0.020 1.922 0.946
1.810 2.178 12.589 76.414 0.042 0.020 1.965 0.949
1.859 2.440 13.091 25.132 6.274 0.020 2.014 0.949
1.913 2.695 12.758 -16.672 6.228 0.020 2.068 0.948
1.972 2.933 11.915 -42.145 6.187 0.020 2.126 0.943
2.035 3.147 10.680 -61.767 6.151 0.020 2.189 0.936
2.101 3.331 9.221 -72.951 6.121 0.020 2.255 0.926
2.171 3.485 7.662 -77.937 6.094 0.020 2.323 0.914
2.243 3.606 6.086 -78.810 6.071 0.020 2.394 0.899
2.317 3.697 4.541 -77.210 6.052 0.020 2.466 0.883
2.392 3.758 3.055 -74.301 6.035 0.020 2.539 0.865
2.468 3.795 1.818 -61.867 6.022 0.020 2.613 0.846
2.544 3.813 0.915 -45.133 6.011 0.020 2.686 0.826
2.621 3.816 0.179 -36.823 6.002 0.020 2.759 0.805
2.697 3.807 -0.463 -32.117 5.994 0.020 2.833 0.784
2.773 3.787 -1.026 -28.146 5.989 0.020 2.905 0.762
2.848 3.756 -1.523 -24.812 5.984 0.020 2.977 0.740
2.922 3.717 -1.963 -22.016 5.981 0.020 3.048 0.718
2.996 3.670 -2.356 -19.668 5.979 0.020 3.118 0.696
3.068 3.616 -2.710 -17.685 5.978 0.020 3.187 0.674
3.139 3.555 -3.030 -15.996 5.978 0.020 3.255 0.653
3.209 3.489 -3.321 -14.541 5.978 0.020 3.321 0.632
3.277 3.417 -3.586 -13.269 5.979 0.020 3.387 0.612
3.344 3.340 -3.829 -12.136 5.981 0.020 3.450 0.592
3.409 3.259 -4.051 -11.109 5.983 0.020 3.513 0.572
3.473 3.174 -4.254 -10.158 5.985 0.020 3.573 0.554
3.534 3.085 -4.439 -9.262 5.987 0.020 3.632 0.535
3.594 2.993 -4.607 -8.404 5.990 0.020 3.689 0.518
3.652 2.898 -4.759 -7.573 5.992 0.020 3.745 0.501
3.708 2.800 -4.894 -6.759 5.995 0.020 3.799 0.485
3.762 2.700 -5.013 -5.961 5.997 0.020 3.850 0.470
3.814 2.598 -5.117 -5.176 6.000 0.020 3.900 0.455
3.864 2.494 -5.205 -4.407 6.002 0.020 3.948 0.442
3.912 2.388 -5.278 -3.658 6.005 0.020 3.994 0.428
3.957 2.281 -5.337 -2.934 6.007 0.020 4.038 0.416
4.001 2.174 -5.382 -2.241 6.009 0.020 4.080 0.404
4.042 2.065 -5.413 -1.585 6.011 0.020 4.120 0.393
4.081 1.957 -5.433 -0.972 6.013 0.020 4.157 0.382
4.118 1.848 -5.441 -0.410 6.014 0.020 4.193 0.373
4.153 1.739 -5.439 0.097 6.016 0.020 4.226 0.363
4.186 1.630 -5.428 0.545 6.017 0.020 4.258 0.355
4.216 1.522 -5.410 0.930 6.018 0.020 4.287 0.347
4.244 1.415 -5.385 1.251 6.019 0.020 4.315 0.339
4.270 1.308 -5.354 1.507 6.019 0.020 4.340 0.333
4.294 1.201 -5.320 1.698 6.020 0.020 4.363 0.326
4.316 1.095 -5.284 1.826 6.020 0.020 4.384 0.321
4.336 0.991 -5.246 1.893 6.021 0.020 4.403 0.315
4.354 0.886 -5.208 1.903 6.021 0.020 4.420 0.311
4.370 0.783 -5.171 1.860 6.021 0.020 4.436 0.307
4.383 0.680 -5.135 1.768 6.021 0.020 4.449 0.303
4.395 0.578 -5.103 1.633 6.021 0.020 4.460 0.300
4.404 0.477 -5.074 1.459 6.021 0.020 4.469 0.298
4.412 0.380 -4.839 11.706 6.021 0.020 4.476 0.296
4.418 0.293 -4.333 25.324 6.021 0.020 4.482 0.294
4.422 0.218 -3.764 28.469 6.021 0.020 4.486 0.293
4.425 0.154 -3.199 28.213 6.021 0.020 4.489 0.292
4.427 0.101 -2.639 28.022 6.021 0.020 4.491 0.292
4.428 0.060 -2.081 27.889 6.021 0.020 4.492 0.292
4.429 0.029 -1.525 27.804 6.021 0.020 4.493 0.291
4.429 0.010 -0.970 27.757 6.021 0.020 4.493 0.291
4.429 0.001 -0.415 27.737 6.021 0.020 4.493 0.291
4.429 0.000 -0.069 17.312 6.021 0.020 4.493 0.291
