FarScalePath
327
0.000 0.011 0.562 28.090 3.142 0.020 -0.000 -0.992
0.001 0.022 0.562 0.006 3.142 0.020 -0.001 -0.992
0.002 0.051 1.405 42.166 3.142 0.020 -0.002 -0.992
0.003 0.090 1.969 28.186 3.142 0.020 -0.003 -0.992
0.006 0.141 2.535 28.311 3.142 0.020 -0.006 -0.992
0.010 0.203 3.105 28.515 3.142 0.020 -0.010 -0.992
0.016 0.276 3.682 28.815 3.142 0.020 -0.016 -0.992
0.023 0.362 4.266 29.230 3.142 0.020 -0.023 -0.992
0.032 0.453 4.578 15.588 3.141 0.020 -0.032 -0.992
0.043 0.546 4.615 1.852 3.141 0.020 -0.043 -0.992
0.056 0.639 4.659 2.194 3.141 0.020 -0.056 -0.992
0.070 0.733 4.709 2.520 3.141 0.020 -0.070 -0.992
0.087 0.828 4.766 2.829 3.140 0.020 -0.087 -0.992
0.105 0.925 4.828 3.120 3.140 0.020 -0.105 -0.992
0.126 1.023 4.896 3.391 3.139 0.020 -0.126 -0.992
0.148 1.122 4.969 3.641 3.138 0.020 -0.148 -0.992
0.173 1.223 5.046 3.870 3.137 0.020 -0.173 -0.992
0.199 1.326 5.128 4.076 3.136 0.020 -0.199 -0.992
0.228 1.430 5.213 4.258 3.134 0.020 -0.228 -0.992
0.259 1.536 5.301 4.417 3.132 0.020 -0.259 -0.992
0.292 1.644 5.393 4.551 3.130 0.020 -0.292 -0.991
0.327 1.754 5.486 4.660 3.127 0.020 -0.327 -0.991
0.364 1.865 5.581 4.743 3.124 0.020 -0.364 -0.990
0.403 1.979 5.677 4.798 3.120 0.020 -0.403 -0.989
0.445 2.094 5.773 4.823 3.116 0.020 -0.445 -0.988
0.490 2.212 5.869 4.815 3.112 0.020 -0.490 -0.987
0.536 2.331 5.965 4.771 3.106 0.020 -0.536 -0.986
0.585 2.452 6.058 4.687 3.100 0.020 -0.585 -0.984
0.637 2.575 6.150 4.556 3.094 0.020 -0.637 -0.982
0.691 2.700 6.237 4.373 3.086 0.020 -0.691 -0.979
0.747 2.826 6.320 4.130 3.078 0.020 -0.747 -0.975
0.806 2.954 6.396 3.817 3.070 0.020 -0.806 -0.971
0.868 3.083 6.465 3.426 3.060 0.020 -0.867 -0.967
0.932 3.214 6.523 2.946 3.049 0.020 -0.931 -0.961
0.999 3.345 6.571 2.365 3.038 0.020 -0.998 -0.955
1.069 3.477 6.604 1.675 3.026 0.020 -1.067 -0.947
1.141 3.610 6.622 0.864 3.013 0.020 -1.139 -0.938
1.216 3.742 6.620 -0.073 2.999 0.020 -1.213 -0.928
1.293 3.874 6.597 -1.141 2.985 0.020 -1.290 -0.917
1.373 4.005 6.550 -2.339 2.969 0.020 -1.369 -0.903
1.456 4.135 6.477 -3.662 2.953 0.020 -1.450 -0.889
1.541 4.262 6.375 -5.097 2.936 0.020 -1.534 -0.872
1.629 4.387 6.243 -6.622 2.918 0.020 -1.619 -0.853
1.719 4.509 6.079 -8.208 2.900 0.020 -1.707 -0.832
1.812 4.626 5.882 -9.819 2.881 0.020 -1.797 -0.809
1.907 4.739 5.654 -11.408 2.861 0.020 -1.888 -0.784
2.003 4.847 5.396 -12.928 2.841 0.020 -1.981 -0.756
2.102 4.949 5.109 -14.326 2.821 0.020 -2.075 -0.726
2.203 5.045 4.798 -15.552 2.801 0.020 -2.171 -0.693
2.306 5.135 4.467 -16.564 2.781 0.020 -2.267 -0.658
2.410 5.217 4.120 -17.328 2.761 0.020 -2.364 -0.620
2.516 5.292 3.764 -17.822 2.741 0.020 -2.462 -0.580
2.623 5.360 3.403 -18.041 2.722 0.020 -2.560 -0.537
2.732 5.421 3.043 -17.998 2.703 0.020 -2.659 -0.492
2.841 5.475 2.689 -17.717 2.686 0.020 -2.758 -0.445
2.952 5.522 2.344 -17.240 2.668 0.020 -2.857 -0.395
3.063 5.562 2.012 -16.615 2.652 0.020 -2.955 -0.344
3.175 5.596 1.694 -15.897 2.637 0.020 -3.054 -0.291
3.287 5.624 1.391 -15.144 2.624 0.020 -3.152 -0.236
3.400 5.646 1.103 -14.408 2.611 0.020 -3.249 -0.179
3.514 5.662 0.828 -13.738 2.600 0.020 -3.347 -0.121
3.627 5.674 0.564 -13.172 2.591 0.020 -3.444 -0.062
3.741 5.680 0.310 -12.739 2.584 0.020 -3.540 -0.003
3.854 5.681 0.061 -12.454 2.578 0.020 -3.637 0.058
3.968 5.677 -0.186 -12.320 2.574 0.020 -3.732 0.119
4.081 5.669 -0.432 -12.324 2.572 0.020 -3.828 0.180
4.194 5.655 -0.681 -12.438 2.572 0.020 -3.923 0.241
4.307 5.636 -0.933 -12.610 2.574 0.020 -4.018 0.302
4.419 5.613 -1.189 -12.770 2.579 0.020 -4.113 0.362
4.531 5.584 -1.445 -12.814 2.586 0.020 -4.208 0.421
4.642 5.550 -1.697 -12.610 2.596 0.020 -4.302 0.479
4.752 5.511 -1.937 -11.981 2.608 0.020 -4.397 0.536
4.862 5.468 -2.151 -10.712 2.623 0.020 -4.491 0.591
4.970 5.422 -2.322 -8.544 2.640 0.020 -4.586 0.644
5.077 5.373 -2.426 -5.184 2.660 0.020 -4.681 0.694
5.184 5.324 -2.432 -0.333 2.684 0.020 -4.776 0.743
5.290 5.278 -2.307 6.276 2.709 0.020 -4.871 0.788
5.394 5.238 -2.011 14.812 2.738 0.020 -4.967 0.831
5.498 5.208 -1.505 25.261 2.769 0.020 -5.063 0.870
5.602 5.193 -0.758 37.343 2.802 0.020 -5.160 0.906
5.706 5.198 0.251 50.451 2.837 0.020 -5.259 0.939
5.811 5.228 1.524 63.658 2.872 0.020 -5.359 0.969
5.917 5.289 3.040 75.821 2.909 0.020 -5.462 0.995
6.024 5.384 4.756 85.802 2.945 0.020 -5.567 1.018
6.135 5.517 6.611 92.750 2.981 0.020 -5.675 1.038
6.248 5.687 8.539 96.368 3.015 0.020 -5.788 1.054
6.366 5.897 10.480 97.078 3.046 0.020 -5.905 1.067
6.489 6.145 12.400 96.017 3.075 0.020 -6.028 1.077
6.618 6.431 14.298 94.895 3.099 0.020 -6.156 1.084
6.753 6.750 15.964 83.270 3.119 0.020 -6.291 1.088
6.895 7.099 17.428 73.217 3.133 0.020 -6.433 1.090
7.044 7.479 19.024 79.781 3.140 0.020 -6.583 1.091
7.202 7.856 18.855 -8.436 3.142 0.020 -6.740 1.091
7.361 7.968 5.597 -662.925 3.141 0.020 -6.899 1.091
7.521 8.012 2.212 -169.241 3.140 0.020 -7.059 1.091
7.682 8.042 1.467 -37.238 3.140 0.020 -7.220 1.091
7.843 8.056 0.723 -37.212 3.138 0.020 -7.381 1.092
8.004 8.062 0.266 -22.853 3.137 0.020 -7.543 1.092
8.166 8.064 0.099 -8.342 3.136 0.020 -7.704 1.093
8.327 8.062 -0.060 -7.939 3.135 0.020 -7.865 1.094
8.488 8.058 -0.211 -7.540 3.133 0.020 -8.026 1.095
8.649 8.051 -0.354 -7.158 3.132 0.020 -8.187 1.097
8.810 8.041 -0.490 -6.804 3.132 0.020 -8.348 1.098
8.970 8.029 -0.620 -6.485 3.131 0.020 -8.509 1.100
9.131 8.014 -0.744 -6.208 3.131 0.020 -8.669 1.102
9.291 7.997 -0.864 -5.981 3.131 0.020 -8.829 1.103
9.450 7.977 -0.980 -5.807 3.131 0.020 -8.988 1.105
9.609 7.955 -1.093 -5.690 3.132 0.020 -9.147 1.107
9.768 7.931 -1.206 -5.633 3.134 0.020 -9.306 1.108
9.926 7.905 -1.319 -5.640 3.135 0.020 -9.464 1.109
10.084 7.876 -1.433 -5.714 3.138 0.020 -9.622 1.110
10.240 7.845 -1.550 -5.856 3.141 0.020 -9.779 1.110
10.397 7.812 -1.672 -6.071 3.145 0.020 -9.935 1.110
10.552 7.776 -1.799 -6.361 3.149 0.020 -10.090 1.109
10.707 7.737 -1.934 -6.731 3.155 0.020 -10.245 1.108
10.861 7.695 -2.077 -7.183 3.161 0.020 -10.399 1.105
11.014 7.651 -2.232 -7.721 3.168 0.020 -10.552 1.102
11.166 7.603 -2.399 -8.351 3.176 0.020 -10.704 1.097
11.317 7.551 -2.580 -9.074 3.185 0.020 -10.855 1.091
11.467 7.496 -2.778 -9.894 3.195 0.020 -11.005 1.084
11.616 7.436 -2.994 -10.811 3.206 0.020 -11.153 1.075
11.763 7.371 -3.231 -11.822 3.219 0.020 -11.300 1.065
11.909 7.301 -3.489 -12.919 3.233 0.020 -11.446 1.053
12.053 7.226 -3.771 -14.086 3.249 0.020 -11.589 1.038
12.196 7.144 -4.077 -15.295 3.266 0.020 -11.731 1.022
12.338 7.056 -4.407 -16.504 3.285 0.020 -11.871 1.003
12.477 6.961 -4.760 -17.645 3.306 0.020 -12.009 0.982
12.614 6.858 -5.132 -18.623 3.329 0.020 -12.144 0.958
12.749 6.748 -5.518 -19.300 3.354 0.020 -12.276 0.931
12.881 6.630 -5.908 -19.493 3.382 0.020 -12.405 0.901
13.012 6.504 -6.287 -18.961 3.412 0.020 -12.531 0.868
13.139 6.371 -6.635 -17.405 3.445 0.020 -12.653 0.832
13.264 6.233 -6.925 -14.476 3.480 0.020 -12.772 0.793
13.385 6.091 -7.121 -9.805 3.519 0.020 -12.886 0.750
13.504 5.947 -7.182 -3.055 3.560 0.020 -12.996 0.704
13.620 5.806 -7.062 5.983 3.604 0.020 -13.101 0.655
13.734 5.671 -6.717 17.277 3.651 0.020 -13.201 0.602
13.845 5.549 -6.108 30.418 3.701 0.020 -13.296 0.545
13.954 5.445 -5.218 44.524 3.752 0.020 -13.387 0.485
14.061 5.364 -4.053 58.247 3.805 0.020 -13.473 0.421
14.167 5.311 -2.655 69.924 3.859 0.020 -13.555 0.354
14.273 5.289 -1.097 77.899 3.914 0.020 -13.633 0.282
14.379 5.299 0.522 80.924 3.969 0.020 -13.707 0.206
14.486 5.341 2.092 78.508 4.022 0.020 -13.777 0.125
14.594 5.411 3.513 71.066 4.074 0.020 -13.844 0.040
14.704 5.505 4.709 59.788 4.125 0.020 -13.907 -0.050
14.817 5.618 5.635 46.308 4.172 0.020 -13.967 -0.145
14.931 5.744 6.281 32.295 4.218 0.020 -14.024 -0.245
15.049 5.877 6.664 19.128 4.261 0.020 -14.077 -0.349
15.169 6.013 6.818 7.726 4.301 0.020 -14.128 -0.459
15.292 6.149 6.789 -1.464 4.338 0.020 -14.175 -0.572
15.418 6.282 6.621 -8.377 4.373 0.020 -14.219 -0.690
15.546 6.409 6.357 -13.206 4.405 0.020 -14.259 -0.811
15.677 6.529 6.032 -16.272 4.434 0.020 -14.297 -0.937
15.809 6.643 5.673 -17.940 4.462 0.020 -14.332 -1.065
15.944 6.749 5.302 -18.556 4.487 0.020 -14.364 -1.196
16.081 6.848 4.934 -18.418 4.510 0.020 -14.393 -1.330
16.220 6.939 4.578 -17.770 4.532 0.020 -14.419 -1.466
16.361 7.024 4.242 -16.796 4.551 0.020 -14.443 -1.604
16.503 7.103 3.930 -15.634 4.569 0.020 -14.464 -1.745
16.646 7.175 3.642 -14.382 4.586 0.020 -14.484 -1.887
16.791 7.243 3.380 -13.107 4.601 0.020 -14.501 -2.031
16.937 7.306 3.143 -11.851 4.615 0.020 -14.516 -2.176
17.085 7.364 2.930 -10.641 4.628 0.020 -14.529 -2.323
17.233 7.419 2.740 -9.492 4.640 0.020 -14.541 -2.471
17.382 7.471 2.572 -8.409 4.650 0.020 -14.551 -2.620
17.533 7.519 2.424 -7.393 4.660 0.020 -14.560 -2.770
17.684 7.565 2.295 -6.441 4.669 0.020 -14.567 -2.921
17.836 7.609 2.184 -5.546 4.677 0.020 -14.573 -3.073
17.989 7.651 2.090 -4.700 4.684 0.020 -14.578 -3.226
18.143 7.691 2.012 -3.895 4.690 0.020 -14.582 -3.380
18.298 7.730 1.950 -3.119 4.695 0.020 -14.585 -3.535
18.453 7.768 1.903 -2.363 4.700 0.020 -14.587 -3.690
18.609 7.805 1.871 -1.615 4.704 0.020 -14.589 -3.846
18.766 7.842 1.853 -0.862 4.707 0.020 -14.590 -4.003
18.924 7.879 1.852 -0.090 4.710 0.020 -14.590 -4.160
19.082 7.917 1.866 0.718 4.711 0.020 -14.591 -4.319
19.241 7.955 1.897 1.579 4.712 0.020 -14.591 -4.478
19.401 7.990 1.769 -6.417 4.712 0.020 -14.591 -4.638
19.560 7.982 -0.407 -108.815 4.713 0.020 -14.591 -4.797
19.720 7.962 -0.989 -29.074 4.713 0.020 -14.591 -4.957
19.879 7.944 -0.891 4.872 4.715 0.020 -14.591 -5.115
20.037 7.928 -0.797 4.711 4.716 0.020 -14.590 -5.274
20.195 7.914 -0.706 4.552 4.718 0.020 -14.589 -5.432
20.353 7.902 -0.618 4.395 4.720 0.020 -14.588 -5.590
20.511 7.891 -0.533 4.239 4.722 0.020 -14.587 -5.748
20.669 7.882 -0.452 4.084 4.724 0.020 -14.585 -5.906
20.826 7.875 -0.373 3.929 4.727 0.020 -14.583 -6.063
20.984 7.869 -0.298 3.775 4.729 0.020 -14.581 -6.221
21.141 7.864 -0.225 3.620 4.732 0.020 -14.578 -6.378
21.298 7.861 -0.156 3.464 4.735 0.020 -14.575 -6.535
21.455 7.859 -0.090 3.308 4.738 0.020 -14.571 -6.692
21.613 7.859 -0.027 3.150 4.741 0.020 -14.567 -6.849
21.770 7.860 0.033 2.992 4.743 0.020 -14.562 -7.006
21.927 7.861 0.090 2.833 4.746 0.020 -14.557 -7.164
22.084 7.864 0.143 2.673 4.749 0.020 -14.551 -7.321
22.242 7.868 0.194 2.513 4.752 0.020 -14.545 -7.478
22.399 7.873 0.241 2.352 4.754 0.020 -14.539 -7.635
22.557 7.879 0.284 2.190 4.757 0.020 -14.532 -7.793
22.714 7.885 0.325 2.029 4.759 0.020 -14.525 -7.950
22.872 7.892 0.362 1.867 4.761 0.020 -14.517 -8.108
23.030 7.900 0.396 1.706 4.763 0.020 -14.510 -8.266
23.188 7.909 0.427 1.545 4.765 0.020 -14.501 -8.424
23.347 7.918 0.455 1.384 4.767 0.020 -14.493 -8.582
23.505 7.927 0.479 1.224 4.768 0.020 -14.484 -8.740
23.664 7.937 0.501 1.064 4.769 0.020 -14.475 -8.899
23.823 7.948 0.519 0.905 4.770 0.020 -14.466 -9.057
23.982 7.959 0.534 0.746 4.771 0.020 -14.457 -9.216
24.142 7.969 0.546 0.588 4.772 0.020 -14.447 -9.375
24.301 7.981 0.554 0.430 4.772 0.020 -14.438 -9.535
24.461 7.992 0.560 0.273 4.772 0.020 -14.428 -9.694
24.621 8.003 0.562 0.116 4.772 0.020 -14.419 -9.854
24.781 8.014 0.561 -0.041 4.772 0.020 -14.409 -10.014
24.942 8.025 0.557 -0.199 4.772 0.020 -14.400 -10.174
25.103 8.036 0.550 -0.356 4.771 0.020 -14.390 -10.335
25.264 8.047 0.540 -0.513 4.770 0.020 -14.381 -10.495
25.425 8.058 0.526 -0.671 4.769 0.020 -14.372 -10.656
25.586 8.068 0.510 -0.830 4.767 0.020 -14.363 -10.817
25.748 8.078 0.490 -0.989 4.766 0.020 -14.354 -10.979
25.909 8.087 0.467 -1.148 4.764 0.020 -14.345 -11.140
26.071 8.096 0.441 -1.308 4.762 0.020 -14.337 -11.302
26.233 8.104 0.411 -1.469 4.760 0.020 -14.329 -11.464
26.396 8.112 0.379 -1.629 4.758 0.020 -14.322 -11.626
26.558 8.118 0.343 -1.791 4.755 0.020 -14.315 -11.788
26.720 8.125 0.304 -1.952 4.753 0.020 -14.308 -11.950
26.883 8.130 0.262 -2.114 4.750 0.020 -14.301 -12.113
27.046 8.134 0.216 -2.275 4.748 0.020 -14.295 -12.275
27.208 8.137 0.167 -2.436 4.745 0.020 -14.290 -12.438
27.371 8.140 0.116 -2.597 4.742 0.020 -14.285 -12.601
27.534 8.136 -0.182 -14.881 4.739 0.020 -14.280 -12.763
27.696 8.121 -0.769 -29.329 4.736 0.020 -14.276 -12.926
27.858 8.093 -1.401 -31.621 4.734 0.020 -14.273 -13.088
28.019 8.052 -2.035 -31.697 4.731 0.020 -14.269 -13.249
28.179 7.999 -2.670 -31.723 4.728 0.020 -14.267 -13.409
28.338 7.933 -3.303 -31.695 4.726 0.020 -14.264 -13.567
28.495 7.854 -3.936 -31.612 4.723 0.020 -14.262 -13.724
28.650 7.763 -4.565 -31.473 4.721 0.020 -14.261 -13.880
28.804 7.664 -4.949 -19.215 4.719 0.020 -14.260 -14.033
28.955 7.563 -5.046 -4.830 4.717 0.020 -14.259 -14.184
29.104 7.461 -5.097 -2.549 4.716 0.020 -14.258 -14.333
29.251 7.358 -5.145 -2.424 4.714 0.020 -14.258 -14.480
29.396 7.254 -5.191 -2.293 4.713 0.020 -14.258 -14.625
29.539 7.149 -5.235 -2.159 4.713 0.020 -14.258 -14.768
29.680 7.044 -5.275 -2.020 4.712 0.020 -14.258 -14.909
29.819 6.953 -4.525 37.488 4.712 0.020 -14.258 -15.048
29.960 7.044 4.522 452.381 4.708 0.020 -14.258 -15.189
30.103 7.172 6.391 93.438 4.700 0.020 -14.259 -15.333
30.249 7.290 5.936 -22.762 4.687 0.020 -14.262 -15.479
30.397 7.409 5.913 -1.142 4.670 0.020 -14.267 -15.627
30.548 7.533 6.246 16.664 4.649 0.020 -14.275 -15.777
30.702 7.671 6.890 32.157 4.623 0.020 -14.286 -15.930
30.858 7.827 7.808 45.945 4.593 0.020 -14.302 -16.086
31.018 8.007 8.964 57.801 4.557 0.020 -14.324 -16.244
31.182 8.213 10.294 66.489 4.515 0.020 -14.353 -16.406
31.351 8.446 11.683 69.451 4.466 0.020 -14.390 -16.571
31.525 8.705 12.933 62.487 4.410 0.020 -14.437 -16.738
31.705 8.979 13.729 39.815 4.347 0.020 -14.496 -16.908
31.890 9.252 13.634 -4.746 4.277 0.020 -14.568 -17.079
32.080 9.495 12.143 -74.578 4.200 0.020 -14.655 -17.248
32.273 9.672 8.843 -165.003 4.118 0.020 -14.756 -17.412
32.468 9.745 3.668 -258.731 4.032 0.020 -14.872 -17.569
32.662 9.687 -2.890 -327.890 3.946 0.020 -15.001 -17.714
32.852 9.491 -9.817 -346.388 3.862 0.020 -15.138 -17.845
33.035 9.172 -15.939 -306.098 3.782 0.020 -15.281 -17.961
33.211 8.765 -20.391 -222.587 3.709 0.020 -15.425 -18.060
33.377 8.307 -22.883 -124.600 3.643 0.020 -15.568 -18.145
33.533 7.834 -23.635 -37.574 3.585 0.020 -15.707 -18.216
33.681 7.372 -23.123 25.570 3.535 0.020 -15.842 -18.276
33.820 6.935 -21.851 63.613 3.491 0.020 -15.971 -18.326
33.950 6.530 -20.218 81.642 3.454 0.020 -16.095 -18.368
34.073 6.160 -18.493 86.253 3.423 0.020 -16.213 -18.404
34.190 5.824 -16.832 83.065 3.396 0.020 -16.325 -18.435
34.300 5.518 -15.311 76.025 3.374 0.020 -16.432 -18.462
34.405 5.238 -13.960 67.583 3.356 0.020 -16.534 -18.485
34.505 4.983 -12.777 59.110 3.341 0.020 -16.632 -18.505
34.600 4.748 -11.752 51.291 3.328 0.020 -16.725 -18.523
34.690 4.531 -10.863 44.405 3.319 0.020 -16.814 -18.540
34.777 4.329 -10.093 38.512 3.312 0.020 -16.900 -18.555
34.860 4.140 -9.422 33.560 3.306 0.020 -16.981 -18.569
34.939 3.964 -8.833 29.449 3.303 0.020 -17.059 -18.581
35.015 3.797 -8.312 26.061 3.301 0.020 -17.134 -18.594
35.088 3.640 -7.846 23.282 3.300 0.020 -17.206 -18.605
35.158 3.492 -7.426 21.006 3.301 0.020 -17.275 -18.616
35.225 3.351 -7.043 19.135 3.302 0.020 -17.341 -18.627
35.289 3.217 -6.692 17.588 3.305 0.020 -17.405 -18.637
35.351 3.090 -6.366 16.291 3.308 0.020 -17.466 -18.647
35.410 2.969 -6.062 15.181 3.312 0.020 -17.524 -18.657
35.467 2.853 -5.778 14.205 3.316 0.020 -17.581 -18.667
35.522 2.743 -5.512 13.318 3.321 0.020 -17.635 -18.677
35.575 2.638 -5.262 12.481 3.326 0.020 -17.686 -18.686
35.625 2.537 -5.029 11.665 3.332 0.020 -17.736 -18.696
35.674 2.441 -4.812 10.846 3.337 0.020 -17.784 -18.705
35.721 2.349 -4.612 10.009 3.342 0.020 -17.830 -18.714
35.766 2.260 -4.429 9.142 3.348 0.020 -17.875 -18.723
35.810 2.175 -4.264 8.241 3.353 0.020 -17.917 -18.733
35.852 2.092 -4.118 7.307 3.358 0.020 -17.958 -18.741
35.892 2.013 -3.991 6.346 3.363 0.020 -17.997 -18.750
35.931 1.935 -3.884 5.366 3.368 0.020 -18.035 -18.759
35.968 1.859 -3.796 4.380 3.373 0.020 -18.071 -18.767
36.004 1.784 -3.728 3.401 3.377 0.020 -18.106 -18.775
36.038 1.711 -3.679 2.444 3.381 0.020 -18.139 -18.783
36.071 1.638 -3.649 1.524 3.384 0.020 -18.171 -18.791
36.102 1.565 -3.636 0.655 3.387 0.020 -18.201 -18.799
36.132 1.492 -3.639 -0.150 3.390 0.020 -18.230 -18.806
36.160 1.419 -3.656 -0.880 3.393 0.020 -18.258 -18.813
36.187 1.345 -3.687 -1.525 3.395 0.020 -18.284 -18.820
36.212 1.271 -3.728 -2.079 3.397 0.020 -18.308 -18.826
36.236 1.195 -3.779 -2.538 3.398 0.020 -18.332 -18.832
36.259 1.119 -3.837 -2.898 3.399 0.020 -18.353 -18.838
36.280 1.041 -3.900 -3.161 3.400 0.020 -18.373 -18.843
36.299 0.961 -3.967 -3.328 3.401 0.020 -18.392 -18.848
36.316 0.881 -4.035 -3.402 3.402 0.020 -18.409 -18.853
36.332 0.799 -4.103 -3.389 3.402 0.020 -18.424 -18.857
36.347 0.715 -4.168 -3.294 3.403 0.020 -18.438 -18.861
36.359 0.631 -4.231 -3.126 3.403 0.020 -18.450 -18.864
36.370 0.545 -4.289 -2.891 3.403 0.020 -18.461 -18.867
36.379 0.458 -4.341 -2.597 3.403 0.020 -18.470 -18.869
36.387 0.370 -4.386 -2.254 3.403 0.020 -18.477 -18.871
36.392 0.287 -4.186 9.994 3.403 0.020 -18.482 -18.872
36.397 0.213 -3.696 24.495 3.403 0.020 -18.487 -18.874
36.400 0.150 -3.153 27.127 3.403 0.020 -18.489 -18.874
36.402 0.097 -2.603 27.514 3.403 0.020 -18.491 -18.875
36.403 0.057 -2.048 27.781 3.403 0.020 -18.492 -18.875
36.403 0.027 -1.489 27.950 3.403 0.020 -18.493 -18.875
36.403 0.008 -0.928 28.041 3.403 0.020 -18.493 -18.875
36.403 0.001 -0.366 28.080 3.403 0.020 -18.493 -18.875
36.403 0.000 -0.043 16.175 3.403 0.020 -18.493 -18.875
0.000 0.011 0.562 28.090 3.142 0.020 -0.000 0.992
0.001 0.022 0.562 -0.006 3.142 0.020 -0.001 0.992
0.002 0.051 1.404 42.104 3.142 0.020 -0.002 0.992
0.003 0.090 1.964 27.994 3.142 0.020 -0.003 0.992
0.006 0.140 2.521 27.869 3.142 0.020 -0.006 0.992
0.010 0.202 3.074 27.665 3.142 0.020 -0.010 0.992
0.016 0.274 3.622 27.365 3.142 0.020 -0.016 0.992
0.023 0.357 4.161 26.950 3.142 0.020 -0.023 0.992
0.032 0.446 4.411 12.501 3.141 0.020 -0.032 0.992
0.042 0.533 4.374 -1.852 3.141 0.020 -0.042 0.992
0.055 0.620 4.330 -2.194 3.141 0.020 -0.055 0.992
0.069 0.705 4.279 -2.520 3.141 0.020 -0.069 0.992
0.085 0.790 4.223 -2.829 3.140 0.020 -0.085 0.992
0.102 0.873 4.160 -3.120 3.140 0.020 -0.102 0.993
0.121 0.955 4.093 -3.391 3.139 0.020 -0.121 0.993
0.142 1.035 4.020 -3.641 3.138 0.020 -0.142 0.993
0.164 1.114 3.942 -3.870 3.137 0.020 -0.164 0.993
0.188 1.191 3.861 -4.076 3.136 0.020 -0.188 0.993
0.213 1.267 3.776 -4.258 3.134 0.020 -0.213 0.993
0.240 1.340 3.687 -4.417 3.132 0.020 -0.240 0.993
0.268 1.412 3.596 -4.551 3.130 0.020 -0.268 0.993
0.298 1.482 3.503 -4.661 3.127 0.020 -0.298 0.994
0.329 1.551 3.408 -4.743 3.124 0.020 -0.329 0.994
0.361 1.617 3.312 -4.798 3.120 0.020 -0.361 0.995
0.395 1.681 3.216 -4.823 3.116 0.020 -0.395 0.996
0.430 1.744 3.119 -4.816 3.112 0.020 -0.430 0.997
0.466 1.804 3.024 -4.772 3.106 0.020 -0.466 0.998
0.503 1.863 2.930 -4.688 3.100 0.020 -0.503 0.999
0.542 1.919 2.839 -4.557 3.094 0.020 -0.542 1.001
0.581 1.974 2.752 -4.374 3.086 0.020 -0.581 1.003
0.622 2.028 2.669 -4.131 3.078 0.020 -0.621 1.005
0.663 2.080 2.593 -3.819 3.070 0.020 -0.663 1.008
0.706 2.130 2.524 -3.427 3.060 0.020 -0.705 1.012
0.749 2.179 2.465 -2.947 3.049 0.020 -0.749 1.015
0.794 2.228 2.418 -2.367 3.038 0.020 -0.793 1.020
0.840 2.276 2.384 -1.676 3.026 0.020 -0.838 1.025
0.886 2.323 2.367 -0.866 3.013 0.020 -0.885 1.030
0.933 2.370 2.368 0.071 2.999 0.020 -0.932 1.037
0.982 2.418 2.391 1.139 2.985 0.020 -0.979 1.044
1.031 2.467 2.438 2.338 2.969 0.020 -1.028 1.052
1.081 2.517 2.511 3.661 2.953 0.020 -1.078 1.061
1.133 2.569 2.613 5.096 2.936 0.020 -1.128 1.071
1.185 2.624 2.745 6.622 2.918 0.020 -1.179 1.082
1.239 2.682 2.910 8.209 2.900 0.020 -1.231 1.095
1.294 2.744 3.106 9.819 2.881 0.020 -1.285 1.108
1.350 2.811 3.334 11.410 2.861 0.020 -1.339 1.123
1.408 2.883 3.593 12.930 2.841 0.020 -1.394 1.140
1.467 2.961 3.879 14.329 2.821 0.020 -1.450 1.158
1.528 3.044 4.190 15.556 2.801 0.020 -1.508 1.178
1.591 3.135 4.522 16.569 2.781 0.020 -1.567 1.199
1.655 3.232 4.869 17.333 2.761 0.020 -1.627 1.223
1.722 3.337 5.225 17.827 2.741 0.020 -1.689 1.248
1.791 3.448 5.586 18.047 2.722 0.020 -1.752 1.275
1.862 3.567 5.946 18.003 2.703 0.020 -1.817 1.305
1.936 3.693 6.301 17.722 2.686 0.020 -1.884 1.337
2.013 3.826 6.645 17.244 2.668 0.020 -1.952 1.371
2.092 3.966 6.978 16.619 2.652 0.020 -2.022 1.408
2.174 4.112 7.296 15.900 2.637 0.020 -2.095 1.447
2.259 4.264 7.599 15.146 2.624 0.020 -2.169 1.489
2.348 4.421 7.887 14.409 2.611 0.020 -2.246 1.533
2.440 4.585 8.162 13.738 2.600 0.020 -2.324 1.580
2.535 4.753 8.425 13.171 2.591 0.020 -2.406 1.629
2.633 4.927 8.680 12.736 2.584 0.020 -2.489 1.681
2.735 5.105 8.929 12.450 2.578 0.020 -2.576 1.736
2.841 5.289 9.175 12.314 2.574 0.020 -2.665 1.792
2.951 5.477 9.421 12.317 2.572 0.020 -2.757 1.851
3.064 5.671 9.670 12.429 2.572 0.020 -2.853 1.913
3.181 5.869 9.922 12.599 2.574 0.020 -2.952 1.976
3.303 6.073 10.177 12.757 2.579 0.020 -3.054 2.041
3.429 6.281 10.433 12.799 2.586 0.020 -3.161 2.107
3.558 6.495 10.685 12.592 2.596 0.020 -3.272 2.175
3.693 6.714 10.924 11.961 2.608 0.020 -3.387 2.244
3.831 6.936 11.138 10.690 2.623 0.020 -3.507 2.314
3.975 7.162 11.308 8.519 2.640 0.020 -3.632 2.384
4.122 7.391 11.411 5.158 2.660 0.020 -3.762 2.454
4.275 7.619 11.418 0.308 2.684 0.020 -3.898 2.523
4.432 7.845 11.292 -6.299 2.709 0.020 -4.040 2.590
4.593 8.065 10.995 -14.828 2.738 0.020 -4.187 2.656
4.759 8.275 10.490 -25.268 2.769 0.020 -4.340 2.719
4.928 8.469 9.743 -37.337 2.802 0.020 -4.499 2.778
5.101 8.644 8.734 -50.429 2.837 0.020 -4.663 2.832
5.277 8.793 7.462 -63.616 2.872 0.020 -4.831 2.882
5.455 8.912 5.947 -75.762 2.909 0.020 -5.004 2.927
5.635 8.997 4.232 -85.729 2.945 0.020 -5.180 2.965
5.816 9.045 2.379 -92.668 2.981 0.020 -5.358 2.997
5.997 9.054 0.453 -96.286 3.015 0.020 -5.537 3.023
6.177 9.024 -1.487 -97.005 3.046 0.020 -5.717 3.043
6.356 8.956 -3.406 -95.960 3.075 0.020 -5.895 3.057
6.533 8.850 -5.303 -94.860 3.099 0.020 -6.072 3.067
6.707 8.699 -7.530 -111.351 3.119 0.020 -6.246 3.072
6.877 8.497 -10.119 -129.423 3.133 0.020 -6.416 3.075
7.042 8.240 -12.839 -136.033 3.140 0.020 -6.580 3.076
7.201 7.964 -13.797 -47.874 3.142 0.020 -6.740 3.076
7.360 7.931 -1.664 606.651 3.141 0.020 -6.898 3.076
7.519 7.943 0.597 113.059 3.140 0.020 -7.057 3.076
7.678 7.947 0.218 -18.942 3.140 0.020 -7.216 3.076
7.837 7.944 -0.161 -18.968 3.138 0.020 -7.375 3.077
7.995 7.938 -0.266 -5.236 3.137 0.020 -7.534 3.077
8.154 7.936 -0.099 8.343 3.136 0.020 -7.692 3.078
8.313 7.938 0.060 7.940 3.135 0.020 -7.851 3.079
8.472 7.942 0.211 7.541 3.133 0.020 -8.010 3.080
8.631 7.949 0.354 7.159 3.132 0.020 -8.169 3.082
8.790 7.959 0.490 6.804 3.132 0.020 -8.328 3.083
8.949 7.971 0.620 6.485 3.131 0.020 -8.488 3.085
9.109 7.986 0.744 6.208 3.131 0.020 -8.647 3.087
9.269 8.003 0.864 5.981 3.131 0.020 -8.807 3.088
9.430 8.023 0.980 5.806 3.131 0.020 -8.968 3.090
9.590 8.045 1.093 5.689 3.132 0.020 -9.129 3.092
9.752 8.069 1.206 5.632 3.134 0.020 -9.290 3.093
9.914 8.095 1.319 5.639 3.135 0.020 -9.452 3.094
10.076 8.124 1.433 5.712 3.138 0.020 -9.614 3.095
10.239 8.155 1.550 5.855 3.141 0.020 -9.778 3.095
10.403 8.188 1.672 6.069 3.145 0.020 -9.941 3.095
10.568 8.224 1.799 6.359 3.149 0.020 -10.106 3.094
10.733 8.263 1.933 6.728 3.155 0.020 -10.271 3.092
10.899 8.305 2.077 7.179 3.161 0.020 -10.437 3.090
11.066 8.349 2.231 7.718 3.168 0.020 -10.604 3.086
11.234 8.397 2.398 8.346 3.176 0.020 -10.772 3.081
11.403 8.449 2.580 9.069 3.185 0.020 -10.941 3.074
11.573 8.504 2.777 9.888 3.195 0.020 -11.111 3.066
11.744 8.564 2.993 10.803 3.206 0.020 -11.282 3.056
11.917 8.629 3.230 11.813 3.219 0.020 -11.454 3.044
12.091 8.699 3.488 12.908 3.233 0.020 -11.627 3.029
12.266 8.774 3.769 14.073 3.249 0.020 -11.802 3.012
12.443 8.855 4.075 15.280 3.266 0.020 -11.978 2.991
12.622 8.943 4.405 16.487 3.285 0.020 -12.155 2.967
12.803 9.039 4.757 17.625 3.306 0.020 -12.334 2.940
12.986 9.141 5.129 18.599 3.329 0.020 -12.514 2.908
13.171 9.251 5.515 19.273 3.354 0.020 -12.695 2.871
13.358 9.370 5.904 19.462 3.382 0.020 -12.878 2.829
13.548 9.495 6.282 18.927 3.412 0.020 -13.061 2.781
13.741 9.628 6.630 17.368 3.445 0.020 -13.246 2.727
13.936 9.766 6.918 14.438 3.480 0.020 -13.431 2.665
14.134 9.908 7.114 9.768 3.519 0.020 -13.617 2.596
14.335 10.052 7.174 3.025 3.560 0.020 -13.802 2.518
14.539 10.193 7.054 -6.004 3.604 0.020 -13.987 2.431
14.746 10.327 6.709 -17.283 3.651 0.020 -14.169 2.334
14.955 10.449 6.101 -30.402 3.701 0.020 -14.349 2.228
15.166 10.553 5.211 -44.482 3.752 0.020 -14.525 2.111
15.378 10.634 4.047 -58.178 3.805 0.020 -14.696 1.985
15.592 10.687 2.651 -69.831 3.859 0.020 -14.861 1.849
15.806 10.709 1.095 -77.788 3.914 0.020 -15.018 1.704
16.020 10.699 -0.521 -80.806 3.969 0.020 -15.167 1.550
16.233 10.657 -2.089 -78.395 4.022 0.020 -15.308 1.389
16.445 10.587 -3.508 -70.968 4.074 0.020 -15.438 1.223
16.655 10.493 -4.703 -59.713 4.125 0.020 -15.559 1.051
16.863 10.380 -5.628 -46.260 4.172 0.020 -15.670 0.876
17.068 10.255 -6.273 -32.272 4.218 0.020 -15.771 0.697
17.270 10.122 -6.656 -19.127 4.261 0.020 -15.863 0.517
17.470 9.986 -6.811 -7.742 4.301 0.020 -15.947 0.336
17.667 9.850 -6.782 1.437 4.338 0.020 -16.022 0.154
17.861 9.718 -6.615 8.345 4.373 0.020 -16.090 -0.029
18.053 9.591 -6.352 13.171 4.405 0.020 -16.151 -0.210
18.242 9.470 -6.027 16.238 4.434 0.020 -16.206 -0.392
18.430 9.357 -5.669 17.907 4.462 0.020 -16.255 -0.572
18.615 9.251 -5.298 18.525 4.487 0.020 -16.298 -0.752
18.798 9.152 -4.930 18.391 4.510 0.020 -16.337 -0.931
18.979 9.061 -4.575 17.746 4.532 0.020 -16.372 -1.109
19.158 8.976 -4.240 16.776 4.551 0.020 -16.402 -1.286
19.336 8.897 -3.928 15.617 4.569 0.020 -16.429 -1.462
19.513 8.824 -3.640 14.368 4.586 0.020 -16.453 -1.637
19.688 8.757 -3.378 13.094 4.601 0.020 -16.473 -1.811
19.862 8.694 -3.142 11.840 4.615 0.020 -16.492 -1.983
20.034 8.635 -2.929 10.632 4.628 0.020 -16.507 -2.155
20.206 8.581 -2.739 9.484 4.640 0.020 -16.521 -2.327
20.377 8.529 -2.571 8.403 4.650 0.020 -16.532 -2.497
20.546 8.481 -2.423 7.388 4.660 0.020 -16.542 -2.666
20.715 8.435 -2.295 6.436 4.669 0.020 -16.550 -2.835
20.883 8.391 -2.184 5.542 4.677 0.020 -16.557 -3.002
21.050 8.349 -2.090 4.697 4.684 0.020 -16.562 -3.169
21.216 8.309 -2.012 3.891 4.690 0.020 -16.566 -3.335
21.381 8.270 -1.950 3.117 4.695 0.020 -16.569 -3.501
21.546 8.232 -1.903 2.361 4.700 0.020 -16.572 -3.665
21.710 8.195 -1.870 1.613 4.704 0.020 -16.574 -3.829
21.873 8.158 -1.853 0.860 4.707 0.020 -16.575 -3.992
22.035 8.121 -1.851 0.088 4.710 0.020 -16.575 -4.155
22.197 8.083 -1.866 -0.720 4.711 0.020 -16.576 -4.316
22.358 8.045 -1.897 -1.581 4.712 0.020 -16.576 -4.477
22.518 8.010 -1.769 6.415 4.712 0.020 -16.576 -4.637
22.679 8.018 0.407 108.813 4.713 0.020 -16.576 -4.798
22.839 8.038 0.989 29.074 4.713 0.020 -16.576 -4.959
23.000 8.056 0.891 -4.872 4.715 0.020 -16.575 -5.120
23.162 8.072 0.797 -4.711 4.716 0.020 -16.575 -5.281
23.324 8.086 0.706 -4.552 4.718 0.020 -16.574 -5.443
23.486 8.098 0.618 -4.395 4.720 0.020 -16.573 -5.605
23.648 8.109 0.533 -4.239 4.722 0.020 -16.572 -5.767
23.810 8.118 0.452 -4.084 4.724 0.020 -16.570 -5.929
23.973 8.125 0.373 -3.929 4.727 0.020 -16.568 -6.092
24.135 8.131 0.298 -3.775 4.729 0.020 -16.565 -6.254
24.298 8.136 0.225 -3.619 4.732 0.020 -16.562 -6.417
24.461 8.139 0.156 -3.464 4.735 0.020 -16.559 -6.580
24.624 8.141 0.090 -3.307 4.738 0.020 -16.555 -6.743
24.786 8.141 0.027 -3.150 4.741 0.020 -16.551 -6.905
24.949 8.140 -0.033 -2.992 4.743 0.020 -16.546 -7.068
25.112 8.139 -0.090 -2.833 4.746 0.020 -16.541 -7.231
25.275 8.136 -0.143 -2.673 4.749 0.020 -16.535 -7.393
25.437 8.132 -0.193 -2.513 4.752 0.020 -16.529 -7.556
25.600 8.127 -0.241 -2.352 4.754 0.020 -16.522 -7.718
25.762 8.121 -0.284 -2.190 4.757 0.020 -16.515 -7.881
25.925 8.115 -0.325 -2.029 4.759 0.020 -16.508 -8.043
26.087 8.108 -0.362 -1.867 4.761 0.020 -16.500 -8.205
26.249 8.100 -0.396 -1.706 4.763 0.020 -16.492 -8.367
26.411 8.091 -0.427 -1.545 4.765 0.020 -16.484 -8.528
26.572 8.082 -0.455 -1.384 4.767 0.020 -16.475 -8.690
26.734 8.073 -0.479 -1.224 4.768 0.020 -16.466 -8.851
26.895 8.063 -0.501 -1.064 4.769 0.020 -16.457 -9.012
27.056 8.052 -0.519 -0.905 4.770 0.020 -16.448 -9.173
27.217 8.041 -0.534 -0.746 4.771 0.020 -16.438 -9.333
27.377 8.031 -0.546 -0.588 4.772 0.020 -16.429 -9.493
27.538 8.019 -0.554 -0.431 4.772 0.020 -16.419 -9.654
27.698 8.008 -0.560 -0.273 4.772 0.020 -16.410 -9.813
27.858 7.997 -0.562 -0.116 4.772 0.020 -16.400 -9.973
28.018 7.986 -0.561 0.041 4.772 0.020 -16.390 -10.132
28.177 7.975 -0.557 0.198 4.772 0.020 -16.381 -10.292
28.336 7.964 -0.550 0.356 4.771 0.020 -16.372 -10.451
28.495 7.953 -0.540 0.513 4.770 0.020 -16.362 -10.609
28.654 7.942 -0.526 0.671 4.769 0.020 -16.353 -10.768
28.813 7.932 -0.510 0.830 4.767 0.020 -16.345 -10.926
28.971 7.922 -0.490 0.989 4.766 0.020 -16.336 -11.085
29.130 7.913 -0.467 1.148 4.764 0.020 -16.328 -11.243
29.288 7.904 -0.441 1.308 4.762 0.020 -16.320 -11.401
29.446 7.896 -0.411 1.469 4.760 0.020 -16.312 -11.558
29.603 7.888 -0.379 1.630 4.758 0.020 -16.305 -11.716
29.761 7.882 -0.343 1.791 4.755 0.020 -16.298 -11.873
29.919 7.875 -0.304 1.952 4.753 0.020 -16.291 -12.031
30.076 7.870 -0.262 2.114 4.750 0.020 -16.285 -12.188
30.233 7.866 -0.216 2.275 4.748 0.020 -16.279 -12.345
30.391 7.863 -0.167 2.436 4.745 0.020 -16.274 -12.502
30.548 7.860 -0.116 2.597 4.742 0.020 -16.269 -12.660
30.705 7.854 -0.294 -8.946 4.739 0.020 -16.264 -12.817
30.862 7.839 -0.746 -22.588 4.736 0.020 -16.260 -12.973
31.018 7.815 -1.237 -24.558 4.734 0.020 -16.257 -13.130
31.173 7.780 -1.727 -24.482 4.731 0.020 -16.254 -13.285
31.328 7.736 -2.216 -24.456 4.728 0.020 -16.251 -13.440
31.482 7.682 -2.706 -24.484 4.726 0.020 -16.249 -13.593
31.634 7.618 -3.197 -24.567 4.723 0.020 -16.247 -13.746
31.785 7.544 -3.691 -24.706 4.721 0.020 -16.246 -13.897
31.934 7.465 -3.954 -13.137 4.719 0.020 -16.245 -14.046
32.082 7.386 -3.943 0.568 4.717 0.020 -16.244 -14.194
32.228 7.308 -3.892 2.548 4.716 0.020 -16.243 -14.340
32.373 7.231 -3.843 2.423 4.714 0.020 -16.243 -14.484
32.516 7.155 -3.797 2.293 4.713 0.020 -16.243 -14.628
32.658 7.080 -3.754 2.158 4.713 0.020 -16.242 -14.769
32.798 7.006 -3.714 2.020 4.712 0.020 -16.242 -14.909
32.936 6.917 -4.464 -37.488 4.712 0.020 -16.242 -15.048
33.069 6.646 -13.512 -452.404 4.708 0.020 -16.243 -15.181
33.196 6.339 -15.381 -93.491 4.700 0.020 -16.244 -15.307
33.317 6.040 -14.927 22.717 4.687 0.020 -16.246 -15.428
33.431 5.742 -14.905 1.098 4.670 0.020 -16.250 -15.543
33.540 5.437 -15.239 -16.715 4.649 0.020 -16.256 -15.652
33.643 5.120 -15.884 -32.218 4.623 0.020 -16.263 -15.754
33.738 4.784 -16.804 -46.022 4.593 0.020 -16.273 -15.849
33.827 4.424 -17.962 -57.898 4.557 0.020 -16.285 -15.936
33.907 4.039 -19.294 -66.608 4.515 0.020 -16.299 -16.016
33.980 3.625 -20.686 -69.591 4.466 0.020 -16.315 -16.087
34.044 3.186 -21.939 -62.639 4.410 0.020 -16.332 -16.148
34.098 2.731 -22.738 -39.958 4.347 0.020 -16.350 -16.200
34.144 2.278 -22.645 4.654 4.277 0.020 -16.368 -16.242
34.181 1.855 -21.153 74.596 4.200 0.020 -16.385 -16.275
34.211 1.498 -17.849 165.191 4.118 0.020 -16.401 -16.300
34.236 1.245 -12.667 259.111 4.032 0.020 -16.415 -16.320
34.258 1.123 -6.099 328.411 3.946 0.020 -16.430 -16.337
34.281 1.140 0.840 346.925 3.862 0.020 -16.447 -16.353
34.307 1.279 6.970 306.511 3.782 0.020 -16.467 -16.369
34.337 1.508 11.426 222.797 3.709 0.020 -16.491 -16.386
34.373 1.786 13.918 124.615 3.643 0.020 -16.522 -16.404
34.414 2.079 14.667 37.457 3.585 0.020 -16.559 -16.423
34.461 2.362 14.152 -25.748 3.535 0.020 -16.602 -16.442
34.514 2.620 12.876 -63.800 3.491 0.020 -16.651 -16.461
34.571 2.845 11.240 -81.809 3.454 0.020 -16.705 -16.480
34.631 3.035 9.512 -86.390 3.423 0.020 -16.763 -16.497
34.695 3.192 7.849 -83.172 3.396 0.020 -16.825 -16.514
34.762 3.319 6.327 -76.106 3.374 0.020 -16.889 -16.530
34.830 3.418 4.974 -67.643 3.356 0.020 -16.956 -16.545
34.900 3.494 3.791 -59.154 3.341 0.020 -17.024 -16.560
34.971 3.549 2.764 -51.323 3.328 0.020 -17.094 -16.573
35.043 3.587 1.876 -44.428 3.319 0.020 -17.164 -16.586
35.115 3.609 1.105 -38.529 3.312 0.020 -17.236 -16.599
35.187 3.617 0.434 -33.572 3.306 0.020 -17.307 -16.611
35.259 3.614 -0.155 -29.457 3.303 0.020 -17.378 -16.622
35.331 3.601 -0.677 -26.067 3.301 0.020 -17.449 -16.634
35.403 3.578 -1.143 -23.286 3.300 0.020 -17.520 -16.645
35.474 3.547 -1.563 -21.008 3.301 0.020 -17.590 -16.656
35.544 3.508 -1.945 -19.137 3.302 0.020 -17.659 -16.668
35.613 3.462 -2.297 -17.589 3.305 0.020 -17.728 -16.679
35.681 3.409 -2.623 -16.291 3.308 0.020 -17.795 -16.690
35.748 3.351 -2.927 -15.181 3.312 0.020 -17.861 -16.701
35.814 3.287 -3.211 -14.205 3.316 0.020 -17.926 -16.712
35.879 3.217 -3.477 -13.317 3.321 0.020 -17.989 -16.724
35.941 3.142 -3.727 -12.480 3.326 0.020 -18.051 -16.735
36.003 3.063 -3.960 -11.664 3.332 0.020 -18.111 -16.747
36.062 2.980 -4.177 -10.846 3.337 0.020 -18.170 -16.758
36.120 2.892 -4.377 -10.008 3.342 0.020 -18.226 -16.769
36.176 2.801 -4.560 -9.141 3.348 0.020 -18.281 -16.781
36.230 2.707 -4.725 -8.241 3.353 0.020 -18.334 -16.792
36.282 2.609 -4.871 -7.307 3.358 0.020 -18.385 -16.803
36.333 2.509 -4.998 -6.346 3.363 0.020 -18.434 -16.814
36.381 2.407 -5.105 -5.366 3.368 0.020 -18.481 -16.825
36.427 2.303 -5.193 -4.380 3.373 0.020 -18.526 -16.835
36.471 2.198 -5.261 -3.401 3.377 0.020 -18.569 -16.845
36.513 2.092 -5.310 -2.444 3.381 0.020 -18.609 -16.855
36.552 1.985 -5.340 -1.524 3.384 0.020 -18.648 -16.865
36.590 1.878 -5.353 -0.655 3.387 0.020 -18.684 -16.874
36.625 1.771 -5.350 0.150 3.390 0.020 -18.719 -16.882
36.659 1.664 -5.333 0.880 3.393 0.020 -18.751 -16.890
36.690 1.558 -5.302 1.525 3.395 0.020 -18.781 -16.898
36.719 1.453 -5.261 2.079 3.397 0.020 -18.809 -16.906
36.746 1.349 -5.210 2.538 3.398 0.020 -18.835 -16.912
36.771 1.246 -5.152 2.898 3.399 0.020 -18.859 -16.919
36.794 1.144 -5.089 3.161 3.400 0.020 -18.881 -16.925
36.814 1.044 -5.022 3.328 3.401 0.020 -18.902 -16.930
36.833 0.944 -4.954 3.402 3.402 0.020 -18.920 -16.935
36.850 0.847 -4.886 3.389 3.402 0.020 -18.936 -16.939
36.865 0.750 -4.820 3.294 3.403 0.020 -18.951 -16.943
36.878 0.655 -4.758 3.126 3.403 0.020 -18.963 -16.946
36.890 0.561 -4.700 2.891 3.403 0.020 -18.974 -16.949
36.899 0.468 -4.648 2.597 3.403 0.020 -18.983 -16.952
36.906 0.376 -4.603 2.254 3.403 0.020 -18.991 -16.954
36.912 0.290 -4.326 13.834 3.403 0.020 -18.996 -16.955
36.917 0.214 -3.778 27.423 3.403 0.020 -19.000 -16.956
36.920 0.150 -3.197 29.053 3.403 0.020 -19.003 -16.957
36.921 0.098 -2.623 28.666 3.403 0.020 -19.005 -16.958
36.923 0.057 -2.056 28.398 3.403 0.020 -19.006 -16.958
36.923 0.027 -1.491 28.230 3.403 0.020 -19.007 -16.958
36.923 0.008 -0.928 28.138 3.403 0.020 -19.007 -16.958
36.923 0.001 -0.366 28.100 3.403 0.020 -19.007 -16.958
36.923 0.000 -0.043 16.177 3.403 0.020 -19.007 -16.958
