FarScaleTurnPath
84
0.000 0.012 0.592 29.604 0.000 0.020 0.000 0.992
0.001 0.024 0.592 -0.000 0.000 0.020 0.001 0.992
0.002 0.053 1.480 44.406 0.000 0.020 0.002 0.992
0.004 0.095 2.072 29.604 0.000 0.020 0.004 0.992
0.007 0.148 2.664 29.604 0.000 0.020 0.007 0.992
0.011 0.207 2.960 14.802 0.000 0.020 0.011 0.992
0.016 0.266 2.960 -0.000 0.000 0.020 0.016 0.992
0.022 0.326 2.960 -0.000 0.000 0.020 0.022 0.992
0.030 0.385 2.960 -0.000 0.000 0.020 0.030 0.992
0.039 0.444 2.960 -0.000 0.000 0.020 0.039 0.992
0.049 0.503 2.960 0.000 0.000 0.020 0.049 0.992
0.060 0.562 2.960 -0.000 0.000 0.020 0.060 0.992
0.073 0.622 2.960 -0.000 0.000 0.020 0.073 0.992
0.086 0.681 2.960 0.000 0.000 0.020 0.086 0.992
0.101 0.740 2.960 -0.000 0.000 0.020 0.101 0.992
0.117 0.799 2.960 0.000 0.000 0.020 0.117 0.992
0.134 0.859 2.960 0.000 0.000 0.020 0.134 0.992
0.153 0.918 2.960 -0.000 0.000 0.020 0.153 0.992
0.172 0.977 2.960 0.000 0.000 0.020 0.172 0.992
0.193 1.036 2.960 -0.000 0.000 0.020 0.193 0.992
0.215 1.095 2.960 0.000 0.000 0.020 0.215 0.992
0.238 1.155 2.960 -0.000 0.000 0.020 0.238 0.992
0.262 1.214 2.960 -0.000 0.000 0.020 0.262 0.992
0.288 1.273 2.960 0.000 0.000 0.020 0.288 0.992
0.314 1.332 2.960 -0.000 0.000 0.020 0.314 0.992
0.342 1.391 2.960 0.000 0.000 0.020 0.342 0.992
0.371 1.451 2.960 -0.000 0.000 0.020 0.371 0.992
0.401 1.510 2.960 0.000 0.000 0.020 0.401 0.992
0.433 1.569 2.960 -0.000 0.000 0.020 0.433 0.992
0.465 1.628 2.960 0.000 0.000 0.020 0.465 0.992
0.499 1.687 2.960 -0.000 0.000 0.020 0.499 0.992
0.534 1.747 2.960 0.000 0.000 0.020 0.534 0.992
0.570 1.806 2.960 -0.000 0.000 0.020 0.570 0.992
0.607 1.865 2.960 0.000 0.000 0.020 0.607 0.992
0.646 1.924 2.960 0.000 0.000 0.020 0.646 0.992
0.686 1.983 2.960 -0.000 0.000 0.020 0.686 0.992
0.726 2.043 2.960 0.000 0.000 0.020 0.726 0.992
0.768 2.096 2.664 -14.802 0.000 0.020 0.768 0.992
0.811 2.137 2.072 -29.604 0.000 0.020 0.811 0.992
0.854 2.167 1.480 -29.604 0.000 0.020 0.854 0.992
0.898 2.185 0.888 -29.604 0.000 0.020 0.898 0.992
0.942 2.188 0.151 -36.835 0.000 0.020 0.942 0.992
0.985 2.176 -0.585 -36.835 0.000 0.020 0.985 0.992
1.029 2.153 -1.177 -29.604 0.000 0.020 1.029 0.992
1.071 2.117 -1.769 -29.604 0.000 0.020 1.071 0.992
1.112 2.070 -2.362 -29.604 0.000 0.020 1.112 0.992
1.153 2.014 -2.809 -22.373 0.000 0.020 1.153 0.992
1.192 1.955 -2.960 -7.571 0.000 0.020 1.192 0.992
1.230 1.895 -2.960 -0.000 0.000 0.020 1.230 0.992
1.266 1.836 -2.960 0.000 0.000 0.020 1.266 0.992
1.302 1.777 -2.960 -0.000 0.000 0.020 1.302 0.992
1.336 1.718 -2.960 0.000 0.000 0.020 1.336 0.992
1.369 1.658 -2.960 0.000 0.000 0.020 1.369 0.992
1.401 1.599 -2.960 0.000 0.000 0.020 1.401 0.992
1.432 1.540 -2.960 -0.000 0.000 0.020 1.432 0.992
1.462 1.481 -2.960 0.000 0.000 0.020 1.462 0.992
1.490 1.422 -2.960 0.000 0.000 0.020 1.490 0.992
1.517 1.362 -2.960 -0.000 0.000 0.020 1.517 0.992
1.543 1.303 -2.960 0.000 0.000 0.020 1.543 0.992
1.568 1.244 -2.960 0.000 0.000 0.020 1.568 0.992
1.592 1.185 -2.960 -0.000 0.000 0.020 1.592 0.992
1.615 1.126 -2.960 -0.000 0.000 0.020 1.615 0.992
1.636 1.066 -2.960 0.000 0.000 0.020 1.636 0.992
1.656 1.007 -2.960 -0.000 0.000 0.020 1.656 0.992
1.675 0.948 -2.960 0.000 0.000 0.020 1.675 0.992
1.693 0.889 -2.960 -0.000 0.000 0.020 1.693 0.992
1.709 0.830 -2.960 -0.000 0.000 0.020 1.709 0.992
1.725 0.770 -2.960 0.000 0.000 0.020 1.725 0.992
1.739 0.711 -2.960 0.000 0.000 0.020 1.739 0.992
1.752 0.652 -2.960 -0.000 0.000 0.020 1.752 0.992
1.764 0.593 -2.960 0.000 0.000 0.020 1.764 0.992
1.775 0.534 -2.960 -0.000 0.000 0.020 1.775 0.992
1.784 0.474 -2.960 0.000 0.000 0.020 1.784 0.992
1.792 0.415 -2.960 -0.000 0.000 0.020 1.792 0.992
1.799 0.356 -2.960 0.000 0.000 0.020 1.799 0.992
1.805 0.297 -2.960 0.000 0.000 0.020 1.805 0.992
1.810 0.238 -2.960 -0.000 0.000 0.020 1.810 0.992
1.814 0.178 -2.960 -0.000 0.000 0.020 1.814 0.992
1.816 0.122 -2.816 7.231 0.000 0.020 1.816 0.992
1.818 0.074 -2.375 22.033 0.000 0.020 1.818 0.992
1.818 0.039 -1.783 29.604 0.000 0.020 1.818 0.992
1.819 0.015 -1.191 29.604 0.000 0.020 1.819 0.992
1.819 0.003 -0.599 29.604 0.000 0.020 1.819 0.992
1.819 0.000 -0.151 22.373 0.000 0.020 1.819 0.992
0.000 0.012 0.592 29.604 0.000 0.020 0.000 -0.992
0.001 0.024 0.592 -0.000 0.000 0.020 0.001 -0.992
0.002 0.053 1.480 44.406 0.000 0.020 0.002 -0.992
0.004 0.095 2.072 29.604 0.000 0.020 0.004 -0.992
0.007 0.148 2.664 29.604 0.000 0.020 0.007 -0.992
0.011 0.207 2.960 14.802 0.000 0.020 0.011 -0.992
0.016 0.266 2.960 -0.000 0.000 0.020 0.016 -0.992
0.022 0.326 2.960 -0.000 0.000 0.020 0.022 -0.992
0.030 0.385 2.960 -0.000 0.000 0.020 0.030 -0.992
0.039 0.444 2.960 -0.000 0.000 0.020 0.039 -0.992
0.049 0.503 2.960 0.000 0.000 0.020 0.049 -0.992
0.060 0.562 2.960 -0.000 0.000 0.020 0.060 -0.992
0.073 0.622 2.960 -0.000 0.000 0.020 0.073 -0.992
0.086 0.681 2.960 0.000 0.000 0.020 0.086 -0.992
0.101 0.740 2.960 -0.000 0.000 0.020 0.101 -0.992
0.117 0.799 2.960 0.000 0.000 0.020 0.117 -0.992
0.134 0.859 2.960 0.000 0.000 0.020 0.134 -0.992
0.153 0.918 2.960 -0.000 0.000 0.020 0.153 -0.992
0.172 0.977 2.960 0.000 0.000 0.020 0.172 -0.992
0.193 1.036 2.960 -0.000 0.000 0.020 0.193 -0.992
0.215 1.095 2.960 0.000 0.000 0.020 0.215 -0.992
0.238 1.155 2.960 -0.000 0.000 0.020 0.238 -0.992
0.262 1.214 2.960 -0.000 0.000 0.020 0.262 -0.992
0.288 1.273 2.960 0.000 0.000 0.020 0.288 -0.992
0.314 1.332 2.960 -0.000 0.000 0.020 0.314 -0.992
0.342 1.391 2.960 0.000 0.000 0.020 0.342 -0.992
0.371 1.451 2.960 -0.000 0.000 0.020 0.371 -0.992
0.401 1.510 2.960 0.000 0.000 0.020 0.401 -0.992
0.433 1.569 2.960 -0.000 0.000 0.020 0.433 -0.992
0.465 1.628 2.960 0.000 0.000 0.020 0.465 -0.992
0.499 1.687 2.960 -0.000 0.000 0.020 0.499 -0.992
0.534 1.747 2.960 0.000 0.000 0.020 0.534 -0.992
0.570 1.806 2.960 -0.000 0.000 0.020 0.570 -0.992
0.607 1.865 2.960 0.000 0.000 0.020 0.607 -0.992
0.646 1.924 2.960 0.000 0.000 0.020 0.646 -0.992
0.686 1.983 2.960 -0.000 0.000 0.020 0.686 -0.992
0.726 2.043 2.960 0.000 0.000 0.020 0.726 -0.992
0.768 2.096 2.664 -14.802 0.000 0.020 0.768 -0.992
0.811 2.137 2.072 -29.604 0.000 0.020 0.811 -0.992
0.854 2.167 1.480 -29.604 0.000 0.020 0.854 -0.992
0.898 2.185 0.888 -29.604 0.000 0.020 0.898 -0.992
0.942 2.188 0.151 -36.835 0.000 0.020 0.942 -0.992
0.985 2.176 -0.585 -36.835 0.000 0.020 0.985 -0.992
1.029 2.153 -1.177 -29.604 0.000 0.020 1.029 -0.992
1.071 2.117 -1.769 -29.604 0.000 0.020 1.071 -0.992
1.112 2.070 -2.362 -29.604 0.000 0.020 1.112 -0.992
1.153 2.014 -2.809 -22.373 0.000 0.020 1.153 -0.992
1.192 1.955 -2.960 -7.571 0.000 0.020 1.192 -0.992
1.230 1.895 -2.960 -0.000 0.000 0.020 1.230 -0.992
1.266 1.836 -2.960 0.000 0.000 0.020 1.266 -0.992
1.302 1.777 -2.960 -0.000 0.000 0.020 1.302 -0.992
1.336 1.718 -2.960 0.000 0.000 0.020 1.336 -0.992
1.369 1.658 -2.960 0.000 0.000 0.020 1.369 -0.992
1.401 1.599 -2.960 0.000 0.000 0.020 1.401 -0.992
1.432 1.540 -2.960 -0.000 0.000 0.020 1.432 -0.992
1.462 1.481 -2.960 0.000 0.000 0.020 1.462 -0.992
1.490 1.422 -2.960 0.000 0.000 0.020 1.490 -0.992
1.517 1.362 -2.960 -0.000 0.000 0.020 1.517 -0.992
1.543 1.303 -2.960 0.000 0.000 0.020 1.543 -0.992
1.568 1.244 -2.960 0.000 0.000 0.020 1.568 -0.992
1.592 1.185 -2.960 -0.000 0.000 0.020 1.592 -0.992
1.615 1.126 -2.960 -0.000 0.000 0.020 1.615 -0.992
1.636 1.066 -2.960 0.000 0.000 0.020 1.636 -0.992
1.656 1.007 -2.960 -0.000 0.000 0.020 1.656 -0.992
1.675 0.948 -2.960 0.000 0.000 0.020 1.675 -0.992
1.693 0.889 -2.960 -0.000 0.000 0.020 1.693 -0.992
1.709 0.830 -2.960 -0.000 0.000 0.020 1.709 -0.992
1.725 0.770 -2.960 0.000 0.000 0.020 1.725 -0.992
1.739 0.711 -2.960 0.000 0.000 0.020 1.739 -0.992
1.752 0.652 -2.960 -0.000 0.000 0.020 1.752 -0.992
1.764 0.593 -2.960 0.000 0.000 0.020 1.764 -0.992
1.775 0.534 -2.960 -0.000 0.000 0.020 1.775 -0.992
1.784 0.474 -2.960 0.000 0.000 0.020 1.784 -0.992
1.792 0.415 -2.960 -0.000 0.000 0.020 1.792 -0.992
1.799 0.356 -2.960 0.000 0.000 0.020 1.799 -0.992
1.805 0.297 -2.960 0.000 0.000 0.020 1.805 -0.992
1.810 0.238 -2.960 -0.000 0.000 0.020 1.810 -0.992
1.814 0.178 -2.960 -0.000 0.000 0.020 1.814 -0.992
1.816 0.122 -2.816 7.231 0.000 0.020 1.816 -0.992
1.818 0.074 -2.375 22.033 0.000 0.020 1.818 -0.992
1.818 0.039 -1.783 29.604 0.000 0.020 1.818 -0.992
1.819 0.015 -1.191 29.604 0.000 0.020 1.819 -0.992
1.819 0.003 -0.599 29.604 0.000 0.020 1.819 -0.992
1.819 0.000 -0.151 22.373 0.000 0.020 1.819 -0.992
