FarScaleForwardPath
95
0.000 0.011 0.559 27.941 0.000 0.020 0.000 0.992
0.001 0.022 0.559 0.000 0.000 0.020 0.001 0.992
0.002 0.050 1.397 41.912 0.000 0.020 0.002 0.992
0.003 0.089 1.956 27.941 0.000 0.020 0.003 0.992
0.006 0.140 2.515 27.941 0.000 0.020 0.006 0.992
0.010 0.201 3.074 27.941 0.000 0.020 0.010 0.992
0.016 0.274 3.632 27.941 0.000 0.020 0.016 0.992
0.023 0.352 3.912 13.971 0.000 0.020 0.023 0.992
0.031 0.430 3.912 -0.000 0.000 0.020 0.031 0.992
0.041 0.509 3.912 0.000 0.000 0.020 0.041 0.992
0.053 0.587 3.912 -0.000 0.000 0.020 0.053 0.992
0.067 0.665 3.912 0.000 0.000 0.020 0.067 0.992
0.081 0.743 3.912 0.000 0.000 0.020 0.081 0.992
0.098 0.821 3.912 -0.000 0.000 0.020 0.098 0.992
0.116 0.900 3.912 -0.000 0.000 0.020 0.116 0.992
0.135 0.978 3.912 0.000 0.000 0.020 0.135 0.992
0.156 1.056 3.912 0.000 0.000 0.020 0.156 0.992
0.179 1.134 3.912 -0.000 0.000 0.020 0.179 0.992
0.203 1.213 3.912 0.000 0.000 0.020 0.203 0.992
0.229 1.291 3.912 -0.000 0.000 0.020 0.229 0.992
0.257 1.369 3.912 -0.000 0.000 0.020 0.257 0.992
0.286 1.447 3.912 0.000 0.000 0.020 0.286 0.992
0.316 1.526 3.912 0.000 0.000 0.020 0.316 0.992
0.348 1.604 3.912 0.000 0.000 0.020 0.348 0.992
0.382 1.682 3.912 -0.000 0.000 0.020 0.382 0.992
0.417 1.760 3.912 -0.000 0.000 0.020 0.417 0.992
0.454 1.839 3.912 0.000 0.000 0.020 0.454 0.992
0.492 1.917 3.912 -0.000 0.000 0.020 0.492 0.992
0.532 1.995 3.912 0.000 0.000 0.020 0.532 0.992
0.573 2.073 3.912 0.000 0.000 0.020 0.573 0.992
0.617 2.151 3.912 -0.000 0.000 0.020 0.617 0.992
0.661 2.230 3.912 0.000 0.000 0.020 0.661 0.992
0.707 2.308 3.912 -0.000 0.000 0.020 0.707 0.992
0.755 2.386 3.912 0.000 0.000 0.020 0.755 0.992
0.804 2.464 3.912 -0.000 0.000 0.020 0.804 0.992
0.855 2.543 3.912 0.000 0.000 0.020 0.855 0.992
0.908 2.621 3.912 -0.000 0.000 0.020 0.908 0.992
0.962 2.699 3.912 -0.000 0.000 0.020 0.962 0.992
1.017 2.777 3.912 0.000 0.000 0.020 1.017 0.992
1.074 2.856 3.912 0.000 0.000 0.020 1.074 0.992
1.133 2.934 3.912 0.000 0.000 0.020 1.133 0.992
1.193 3.007 3.632 -13.971 0.000 0.020 1.193 0.992
1.254 3.068 3.074 -27.941 0.000 0.020 1.254 0.992
1.317 3.118 2.515 -27.941 0.000 0.020 1.317 0.992
1.380 3.157 1.956 -27.941 0.000 0.020 1.380 0.992
1.444 3.185 1.397 -27.941 0.000 0.020 1.444 0.992
1.508 3.201 0.772 -31.257 0.000 0.020 1.508 0.992
1.572 3.198 -0.133 -45.227 0.000 0.020 1.572 0.992
1.635 3.179 -0.971 -41.912 0.000 0.020 1.635 0.992
1.698 3.148 -1.530 -27.941 0.000 0.020 1.698 0.992
1.760 3.106 -2.089 -27.941 0.000 0.020 1.760 0.992
1.821 3.053 -2.647 -27.941 0.000 0.020 1.821 0.992
1.881 2.989 -3.206 -27.941 0.000 0.020 1.881 0.992
1.939 2.915 -3.699 -24.626 0.000 0.020 1.939 0.992
1.996 2.837 -3.912 -10.656 0.000 0.020 1.996 0.992
2.051 2.759 -3.912 0.000 0.000 0.020 2.051 0.992
2.105 2.681 -3.912 0.000 0.000 0.020 2.105 0.992
2.157 2.602 -3.912 -0.000 0.000 0.020 2.157 0.992
2.207 2.524 -3.912 0.000 0.000 0.020 2.207 0.992
2.256 2.446 -3.912 0.000 0.000 0.020 2.256 0.992
2.304 2.368 -3.912 0.000 0.000 0.020 2.304 0.992
2.349 2.289 -3.912 -0.000 0.000 0.020 2.349 0.992
2.394 2.211 -3.912 0.000 0.000 0.020 2.394 0.992
2.436 2.133 -3.912 0.000 0.000 0.020 2.436 0.992
2.477 2.055 -3.912 -0.000 0.000 0.020 2.477 0.992
2.517 1.976 -3.912 0.000 0.000 0.020 2.517 0.992
2.555 1.898 -3.912 -0.000 0.000 0.020 2.555 0.992
2.591 1.820 -3.912 0.000 0.000 0.020 2.591 0.992
2.626 1.742 -3.912 0.000 0.000 0.020 2.626 0.992
2.659 1.664 -3.912 0.000 0.000 0.020 2.659 0.992
2.691 1.585 -3.912 0.000 0.000 0.020 2.691 0.992
2.721 1.507 -3.912 0.000 0.000 0.020 2.721 0.992
2.750 1.429 -3.912 -0.000 0.000 0.020 2.750 0.992
2.777 1.351 -3.912 0.000 0.000 0.020 2.777 0.992
2.802 1.272 -3.912 -0.000 0.000 0.020 2.802 0.992
2.826 1.194 -3.912 0.000 0.000 0.020 2.826 0.992
2.849 1.116 -3.912 -0.000 0.000 0.020 2.849 0.992
2.869 1.038 -3.912 0.000 0.000 0.020 2.869 0.992
2.888 0.959 -3.912 0.000 0.000 0.020 2.888 0.992
2.906 0.881 -3.912 -0.000 0.000 0.020 2.906 0.992
2.922 0.803 -3.912 -0.000 0.000 0.020 2.922 0.992
2.937 0.725 -3.912 0.000 0.000 0.020 2.937 0.992
2.950 0.646 -3.912 -0.000 0.000 0.020 2.950 0.992
2.961 0.568 -3.912 0.000 0.000 0.020 2.961 0.992
2.971 0.490 -3.912 -0.000 0.000 0.020 2.971 0.992
2.979 0.412 -3.912 0.000 0.000 0.020 2.979 0.992
2.986 0.333 -3.912 -0.000 0.000 0.020 2.986 0.992
2.991 0.257 -3.846 3.315 0.000 0.020 2.991 0.992
2.995 0.187 -3.500 17.286 0.000 0.020 2.995 0.992
2.997 0.128 -2.941 27.941 0.000 0.020 2.997 0.992
2.999 0.080 -2.382 27.941 0.000 0.020 2.999 0.992
3.000 0.044 -1.823 27.941 0.000 0.020 3.000 0.992
3.000 0.018 -1.264 27.941 0.000 0.020 3.000 0.992
3.000 0.004 -0.706 27.941 0.000 0.020 3.000 0.992
3.000 0.000 -0.213 24.626 0.000 0.020 3.000 0.992
0.000 0.011 0.559 27.941 0.000 0.020 0.000 -0.992
0.001 0.022 0.559 0.000 0.000 0.020 0.001 -0.992
0.002 0.050 1.397 41.912 0.000 0.020 0.002 -0.992
0.003 0.089 1.956 27.941 0.000 0.020 0.003 -0.992
0.006 0.140 2.515 27.941 0.000 0.020 0.006 -0.992
0.010 0.201 3.074 27.941 0.000 0.020 0.010 -0.992
0.016 0.274 3.632 27.941 0.000 0.020 0.016 -0.992
0.023 0.352 3.912 13.971 0.000 0.020 0.023 -0.992
0.031 0.430 3.912 -0.000 0.000 0.020 0.031 -0.992
0.041 0.509 3.912 0.000 0.000 0.020 0.041 -0.992
0.053 0.587 3.912 -0.000 0.000 0.020 0.053 -0.992
0.067 0.665 3.912 0.000 0.000 0.020 0.067 -0.992
0.081 0.743 3.912 0.000 0.000 0.020 0.081 -0.992
0.098 0.821 3.912 -0.000 0.000 0.020 0.098 -0.992
0.116 0.900 3.912 -0.000 0.000 0.020 0.116 -0.992
0.135 0.978 3.912 0.000 0.000 0.020 0.135 -0.992
0.156 1.056 3.912 0.000 0.000 0.020 0.156 -0.992
0.179 1.134 3.912 -0.000 0.000 0.020 0.179 -0.992
0.203 1.213 3.912 0.000 0.000 0.020 0.203 -0.992
0.229 1.291 3.912 -0.000 0.000 0.020 0.229 -0.992
0.257 1.369 3.912 -0.000 0.000 0.020 0.257 -0.992
0.286 1.447 3.912 0.000 0.000 0.020 0.286 -0.992
0.316 1.526 3.912 0.000 0.000 0.020 0.316 -0.992
0.348 1.604 3.912 0.000 0.000 0.020 0.348 -0.992
0.382 1.682 3.912 -0.000 0.000 0.020 0.382 -0.992
0.417 1.760 3.912 -0.000 0.000 0.020 0.417 -0.992
0.454 1.839 3.912 0.000 0.000 0.020 0.454 -0.992
0.492 1.917 3.912 -0.000 0.000 0.020 0.492 -0.992
0.532 1.995 3.912 0.000 0.000 0.020 0.532 -0.992
0.573 2.073 3.912 0.000 0.000 0.020 0.573 -0.992
0.617 2.151 3.912 -0.000 0.000 0.020 0.617 -0.992
0.661 2.230 3.912 0.000 0.000 0.020 0.661 -0.992
0.707 2.308 3.912 -0.000 0.000 0.020 0.707 -0.992
0.755 2.386 3.912 0.000 0.000 0.020 0.755 -0.992
0.804 2.464 3.912 -0.000 0.000 0.020 0.804 -0.992
0.855 2.543 3.912 0.000 0.000 0.020 0.855 -0.992
0.908 2.621 3.912 -0.000 0.000 0.020 0.908 -0.992
0.962 2.699 3.912 -0.000 0.000 0.020 0.962 -0.992
1.017 2.777 3.912 0.000 0.000 0.020 1.017 -0.992
1.074 2.856 3.912 0.000 0.000 0.020 1.074 -0.992
1.133 2.934 3.912 0.000 0.000 0.020 1.133 -0.992
1.193 3.007 3.632 -13.971 0.000 0.020 1.193 -0.992
1.254 3.068 3.074 -27.941 0.000 0.020 1.254 -0.992
1.317 3.118 2.515 -27.941 0.000 0.020 1.317 -0.992
1.380 3.157 1.956 -27.941 0.000 0.020 1.380 -0.992
1.444 3.185 1.397 -27.941 0.000 0.020 1.444 -0.992
1.508 3.201 0.772 -31.257 0.000 0.020 1.508 -0.992
1.572 3.198 -0.133 -45.227 0.000 0.020 1.572 -0.992
1.635 3.179 -0.971 -41.912 0.000 0.020 1.635 -0.992
1.698 3.148 -1.530 -27.941 0.000 0.020 1.698 -0.992
1.760 3.106 -2.089 -27.941 0.000 0.020 1.760 -0.992
1.821 3.053 -2.647 -27.941 0.000 0.020 1.821 -0.992
1.881 2.989 -3.206 -27.941 0.000 0.020 1.881 -0.992
1.939 2.915 -3.699 -24.626 0.000 0.020 1.939 -0.992
1.996 2.837 -3.912 -10.656 0.000 0.020 1.996 -0.992
2.051 2.759 -3.912 0.000 0.000 0.020 2.051 -0.992
2.105 2.681 -3.912 0.000 0.000 0.020 2.105 -0.992
2.157 2.602 -3.912 -0.000 0.000 0.020 2.157 -0.992
2.207 2.524 -3.912 0.000 0.000 0.020 2.207 -0.992
2.256 2.446 -3.912 0.000 0.000 0.020 2.256 -0.992
2.304 2.368 -3.912 0.000 0.000 0.020 2.304 -0.992
2.349 2.289 -3.912 -0.000 0.000 0.020 2.349 -0.992
2.394 2.211 -3.912 0.000 0.000 0.020 2.394 -0.992
2.436 2.133 -3.912 0.000 0.000 0.020 2.436 -0.992
2.477 2.055 -3.912 -0.000 0.000 0.020 2.477 -0.992
2.517 1.976 -3.912 0.000 0.000 0.020 2.517 -0.992
2.555 1.898 -3.912 -0.000 0.000 0.020 2.555 -0.992
2.591 1.820 -3.912 0.000 0.000 0.020 2.591 -0.992
2.626 1.742 -3.912 0.000 0.000 0.020 2.626 -0.992
2.659 1.664 -3.912 0.000 0.000 0.020 2.659 -0.992
2.691 1.585 -3.912 0.000 0.000 0.020 2.691 -0.992
2.721 1.507 -3.912 0.000 0.000 0.020 2.721 -0.992
2.750 1.429 -3.912 -0.000 0.000 0.020 2.750 -0.992
2.777 1.351 -3.912 0.000 0.000 0.020 2.777 -0.992
2.802 1.272 -3.912 -0.000 0.000 0.020 2.802 -0.992
2.826 1.194 -3.912 0.000 0.000 0.020 2.826 -0.992
2.849 1.116 -3.912 -0.000 0.000 0.020 2.849 -0.992
2.869 1.038 -3.912 0.000 0.000 0.020 2.869 -0.992
2.888 0.959 -3.912 0.000 0.000 0.020 2.888 -0.992
2.906 0.881 -3.912 -0.000 0.000 0.020 2.906 -0.992
2.922 0.803 -3.912 -0.000 0.000 0.020 2.922 -0.992
2.937 0.725 -3.912 0.000 0.000 0.020 2.937 -0.992
2.950 0.646 -3.912 -0.000 0.000 0.020 2.950 -0.992
2.961 0.568 -3.912 0.000 0.000 0.020 2.961 -0.992
2.971 0.490 -3.912 -0.000 0.000 0.020 2.971 -0.992
2.979 0.412 -3.912 0.000 0.000 0.020 2.979 -0.992
2.986 0.333 -3.912 -0.000 0.000 0.020 2.986 -0.992
2.991 0.257 -3.846 3.315 0.000 0.020 2.991 -0.992
2.995 0.187 -3.500 17.286 0.000 0.020 2.995 -0.992
2.997 0.128 -2.941 27.941 0.000 0.020 2.997 -0.992
2.999 0.080 -2.382 27.941 0.000 0.020 2.999 -0.992
3.000 0.044 -1.823 27.941 0.000 0.020 3.000 -0.992
3.000 0.018 -1.264 27.941 0.000 0.020 3.000 -0.992
3.000 0.004 -0.706 27.941 0.000 0.020 3.000 -0.992
3.000 0.000 -0.213 24.626 0.000 0.020 3.000 -0.992
