FastNearScalePath
201
0.000 0.012 0.577 28.846 0.000 0.020 0.000 0.992
0.001 0.023 0.577 0.000 0.000 0.020 0.001 0.992
0.002 0.052 1.442 43.269 0.000 0.020 0.002 0.992
0.003 0.092 2.019 28.846 0.000 0.020 0.003 0.992
0.006 0.144 2.596 28.846 0.000 0.020 0.006 0.992
0.010 0.208 3.173 28.846 0.000 0.020 0.010 0.992
0.016 0.283 3.750 28.846 0.000 0.020 0.016 0.992
0.024 0.369 4.327 28.846 0.000 0.020 0.024 0.992
0.033 0.467 4.904 28.846 0.000 0.020 0.033 0.992
0.044 0.577 5.481 28.846 0.000 0.020 0.044 0.992
0.058 0.698 6.058 28.846 0.000 0.020 0.058 0.992
0.075 0.831 6.635 28.846 0.000 0.020 0.075 0.992
0.094 0.969 6.923 14.423 0.000 0.020 0.094 0.992
0.117 1.108 6.923 -0.000 0.000 0.020 0.117 0.992
0.141 1.246 6.923 -0.000 0.000 0.020 0.141 0.992
0.169 1.385 6.923 0.000 0.000 0.020 0.169 0.992
0.200 1.523 6.923 0.000 0.000 0.020 0.200 0.992
0.233 1.662 6.923 0.000 0.000 0.020 0.233 0.992
0.269 1.800 6.923 -0.000 0.000 0.020 0.269 0.992
0.308 1.938 6.923 0.000 0.000 0.020 0.308 0.992
0.349 2.077 6.923 -0.000 0.000 0.020 0.349 0.992
0.393 2.215 6.923 -0.000 0.000 0.020 0.393 0.992
0.441 2.354 6.923 -0.000 0.000 0.020 0.441 0.992
0.490 2.492 6.923 0.000 0.000 0.020 0.490 0.992
0.543 2.631 6.923 0.000 0.000 0.020 0.543 0.992
0.598 2.769 6.923 -0.000 0.000 0.020 0.598 0.992
0.657 2.908 6.923 0.000 0.000 0.020 0.657 0.992
0.717 3.046 6.923 0.000 0.000 0.020 0.717 0.992
0.781 3.185 6.923 0.000 0.000 0.020 0.781 0.992
0.848 3.323 6.923 0.000 0.000 0.020 0.848 0.992
0.917 3.462 6.923 -0.000 0.000 0.020 0.917 0.992
0.989 3.600 6.923 0.000 0.000 0.020 0.989 0.992
1.064 3.738 6.923 -0.000 0.000 0.020 1.064 0.992
1.141 3.877 6.923 0.000 0.000 0.020 1.141 0.992
1.221 4.015 6.923 -0.000 0.000 0.020 1.221 0.992
1.305 4.154 6.923 0.000 0.000 0.020 1.305 0.992
1.390 4.292 6.923 -0.000 0.000 0.020 1.390 0.992
1.479 4.431 6.923 -0.000 0.000 0.020 1.479 0.992
1.570 4.569 6.923 -0.000 0.000 0.020 1.570 0.992
1.665 4.708 6.923 0.000 0.000 0.020 1.665 0.992
1.761 4.846 6.923 0.000 0.000 0.020 1.761 0.992
1.861 4.985 6.923 0.000 0.000 0.020 1.861 0.992
1.964 5.123 6.923 -0.000 0.000 0.020 1.964 0.992
2.069 5.262 6.923 0.000 0.000 0.020 2.069 0.992
2.177 5.400 6.923 -0.000 0.000 0.020 2.177 0.992
2.288 5.538 6.923 0.000 0.000 0.020 2.288 0.992
2.401 5.677 6.923 -0.000 0.000 0.020 2.401 0.992
2.517 5.815 6.923 0.000 0.000 0.020 2.517 0.992
2.637 5.954 6.923 -0.000 0.000 0.020 2.637 0.992
2.758 6.092 6.923 -0.000 0.000 0.020 2.758 0.992
2.883 6.231 6.923 0.000 0.000 0.020 2.883 0.992
3.010 6.369 6.923 -0.000 0.000 0.020 3.010 0.992
3.141 6.508 6.923 0.000 0.000 0.020 3.141 0.992
3.273 6.646 6.923 0.000 0.000 0.020 3.273 0.992
3.409 6.785 6.923 0.000 0.000 0.020 3.409 0.992
3.548 6.923 6.923 0.000 0.000 0.020 3.548 0.992
3.689 7.062 6.923 -0.000 0.000 0.020 3.689 0.992
3.833 7.200 6.923 0.000 0.000 0.020 3.833 0.992
3.980 7.338 6.923 -0.000 0.000 0.020 3.980 0.992
4.129 7.477 6.923 0.000 0.000 0.020 4.129 0.992
4.281 7.615 6.923 0.000 0.000 0.020 4.281 0.992
4.437 7.754 6.923 -0.000 0.000 0.020 4.437 0.992
4.594 7.892 6.923 0.000 0.000 0.020 4.594 0.992
4.755 8.031 6.923 -0.000 0.000 0.020 4.755 0.992
4.918 8.169 6.923 0.000 0.000 0.020 4.918 0.992
5.084 8.302 6.635 -14.423 0.000 0.020 5.084 0.992
5.253 8.423 6.058 -28.846 0.000 0.020 5.253 0.992
5.424 8.533 5.481 -28.846 0.000 0.020 5.424 0.992
5.596 8.631 4.904 -28.846 0.000 0.020 5.596 0.992
5.770 8.717 4.327 -28.846 0.000 0.020 5.770 0.992
5.946 8.792 3.750 -28.846 0.000 0.020 5.946 0.992
6.123 8.856 3.173 -28.846 0.000 0.020 6.123 0.992
6.302 8.908 2.596 -28.846 0.000 0.020 6.302 0.992
6.481 8.948 2.019 -28.846 0.000 0.020 6.481 0.992
6.660 8.977 1.442 -28.846 0.000 0.020 6.660 0.992
6.840 8.994 0.865 -28.846 0.000 0.020 6.840 0.992
7.020 9.000 0.288 -28.846 0.000 0.020 7.020 0.992
7.200 9.000 0.000 -14.423 0.000 0.020 7.200 0.992
7.380 9.000 -0.000 -0.000 0.000 0.020 7.380 0.992
7.560 9.000 0.000 0.000 0.000 0.020 7.560 0.992
7.740 9.000 0.000 0.000 0.000 0.020 7.740 0.992
7.920 9.000 -0.000 -0.000 0.000 0.020 7.920 0.992
8.100 9.000 0.000 0.000 0.000 0.020 8.100 0.992
8.280 9.000 -0.000 -0.000 0.000 0.020 8.280 0.992
8.460 9.000 0.000 0.000 0.000 0.020 8.460 0.992
8.640 9.000 0.000 0.000 0.000 0.020 8.640 0.992
8.820 9.000 0.000 0.000 0.000 0.020 8.820 0.992
9.000 9.000 -0.000 -0.000 0.000 0.020 9.000 0.992
9.180 9.000 0.000 0.000 0.000 0.020 9.180 0.992
9.360 9.000 0.000 0.000 0.000 0.020 9.360 0.992
9.540 9.000 0.000 0.000 0.000 0.020 9.540 0.992
9.720 9.000 0.000 0.000 0.000 0.020 9.720 0.992
9.900 9.000 0.000 0.000 0.000 0.020 9.900 0.992
10.080 9.000 -0.000 -0.000 0.000 0.020 10.080 0.992
10.260 9.000 0.000 0.000 0.000 0.020 10.260 0.992
10.440 9.000 -0.000 -0.000 0.000 0.020 10.440 0.992
10.620 9.000 0.000 0.000 0.000 0.020 10.620 0.992
10.800 9.000 0.000 -0.000 0.000 0.020 10.800 0.992
10.980 9.000 -0.000 -0.000 0.000 0.020 10.980 0.992
11.160 9.000 0.000 0.000 0.000 0.020 11.160 0.992
11.340 9.000 -0.000 -0.000 0.000 0.020 11.340 0.992
11.520 9.000 0.000 0.000 0.000 0.020 11.520 0.992
11.700 9.000 0.000 0.000 0.000 0.020 11.700 0.992
11.880 9.000 0.000 0.000 0.000 0.020 11.880 0.992
12.060 9.000 0.000 0.000 0.000 0.020 12.060 0.992
12.239 8.941 -2.943 -147.167 0.001 0.020 12.239 0.993
12.415 8.795 -7.327 -219.202 0.005 0.020 12.415 0.993
12.588 8.659 -6.803 26.201 0.012 0.020 12.588 0.995
12.759 8.533 -6.278 26.279 0.022 0.020 12.759 0.997
12.927 8.417 -5.796 24.075 0.033 0.020 12.927 1.002
13.093 8.310 -5.340 22.815 0.047 0.020 13.093 1.009
13.257 8.212 -4.893 22.367 0.063 0.020 13.257 1.018
13.420 8.124 -4.441 22.599 0.081 0.020 13.419 1.029
13.581 8.044 -3.973 23.368 0.100 0.020 13.579 1.044
13.740 7.974 -3.483 24.521 0.121 0.020 13.738 1.061
13.898 7.915 -2.965 25.891 0.143 0.020 13.895 1.082
14.056 7.867 -2.419 27.302 0.165 0.020 14.050 1.106
14.212 7.830 -1.847 28.577 0.189 0.020 14.204 1.134
14.369 7.805 -1.256 29.549 0.213 0.020 14.357 1.165
14.524 7.792 -0.655 30.076 0.237 0.020 14.509 1.200
14.680 7.791 -0.054 30.056 0.262 0.020 14.660 1.238
14.836 7.801 0.535 29.432 0.286 0.020 14.810 1.281
14.993 7.823 1.099 28.203 0.310 0.020 14.960 1.326
15.150 7.853 1.478 18.972 0.333 0.020 15.109 1.376
15.307 7.884 1.555 3.851 0.355 0.020 15.257 1.429
15.466 7.913 1.464 -4.588 0.376 0.020 15.405 1.486
15.624 7.939 1.297 -8.318 0.396 0.020 15.552 1.546
15.784 7.960 1.052 -12.261 0.414 0.020 15.699 1.608
15.943 7.975 0.727 -16.226 0.431 0.020 15.844 1.674
16.103 7.981 0.326 -20.055 0.447 0.020 15.988 1.742
16.262 7.978 -0.146 -23.630 0.461 0.020 16.132 1.812
16.422 7.965 -0.684 -26.879 0.473 0.020 16.274 1.883
16.580 7.939 -1.279 -29.762 0.484 0.020 16.415 1.956
16.738 7.901 -1.925 -32.274 0.493 0.020 16.555 2.030
16.895 7.848 -2.613 -34.427 0.500 0.020 16.693 2.105
17.051 7.785 -3.174 -28.024 0.506 0.020 16.829 2.180
17.205 7.715 -3.478 -15.224 0.511 0.020 16.964 2.255
17.358 7.642 -3.678 -9.986 0.514 0.020 17.097 2.330
17.509 7.564 -3.882 -10.216 0.517 0.020 17.229 2.405
17.659 7.482 -4.089 -10.332 0.518 0.020 17.359 2.479
17.807 7.396 -4.296 -10.365 0.518 0.020 17.487 2.552
17.953 7.306 -4.503 -10.337 0.517 0.020 17.614 2.624
18.097 7.212 -4.708 -10.263 0.515 0.020 17.740 2.696
18.240 7.114 -4.911 -10.152 0.512 0.020 17.864 2.766
18.380 7.012 -5.111 -10.012 0.509 0.020 17.986 2.834
18.518 6.906 -5.308 -9.844 0.504 0.020 18.107 2.901
18.654 6.795 -5.501 -9.648 0.500 0.020 18.226 2.966
18.788 6.682 -5.690 -9.425 0.495 0.020 18.343 3.030
18.919 6.564 -5.873 -9.171 0.489 0.020 18.459 3.092
19.048 6.443 -6.051 -8.886 0.483 0.020 18.573 3.152
19.174 6.319 -6.222 -8.568 0.477 0.020 18.685 3.211
19.298 6.191 -6.386 -8.216 0.471 0.020 18.795 3.267
19.419 6.060 -6.543 -7.830 0.464 0.020 18.903 3.322
19.538 5.926 -6.691 -7.411 0.457 0.020 19.010 3.375
19.653 5.790 -6.831 -6.962 0.451 0.020 19.114 3.425
19.766 5.651 -6.960 -6.484 0.444 0.020 19.216 3.474
19.877 5.509 -7.080 -5.983 0.437 0.020 19.315 3.521
19.984 5.365 -7.189 -5.463 0.431 0.020 19.413 3.566
20.088 5.219 -7.288 -4.929 0.424 0.020 19.508 3.610
20.190 5.072 -7.375 -4.387 0.418 0.020 19.600 3.651
20.288 4.923 -7.452 -3.841 0.412 0.020 19.690 3.691
20.384 4.772 -7.518 -3.298 0.406 0.020 19.778 3.729
20.476 4.621 -7.574 -2.763 0.401 0.020 19.863 3.765
20.565 4.469 -7.618 -2.241 0.396 0.020 19.945 3.800
20.652 4.316 -7.653 -1.737 0.391 0.020 20.025 3.833
20.735 4.162 -7.678 -1.253 0.386 0.020 20.102 3.864
20.815 4.008 -7.694 -0.795 0.382 0.020 20.176 3.894
20.892 3.854 -7.701 -0.364 0.378 0.020 20.248 3.923
20.966 3.700 -7.701 0.036 0.374 0.020 20.317 3.950
21.037 3.546 -7.692 0.405 0.371 0.020 20.383 3.976
21.105 3.393 -7.678 0.741 0.368 0.020 20.446 4.000
21.170 3.240 -7.657 1.043 0.365 0.020 20.507 4.024
21.232 3.087 -7.631 1.310 0.363 0.020 20.564 4.046
21.290 2.935 -7.600 1.543 0.360 0.020 20.619 4.066
21.346 2.784 -7.565 1.741 0.359 0.020 20.671 4.086
21.399 2.633 -7.527 1.905 0.357 0.020 20.721 4.104
21.448 2.483 -7.486 2.035 0.355 0.020 20.767 4.122
21.495 2.335 -7.444 2.132 0.354 0.020 20.811 4.138
21.539 2.187 -7.400 2.197 0.353 0.020 20.852 4.153
21.579 2.039 -7.355 2.231 0.352 0.020 20.890 4.167
21.617 1.893 -7.310 2.235 0.351 0.020 20.926 4.180
21.652 1.748 -7.266 2.211 0.351 0.020 20.959 4.192
21.684 1.603 -7.223 2.160 0.350 0.020 20.989 4.203
21.714 1.460 -7.181 2.083 0.350 0.020 21.016 4.213
21.740 1.317 -7.142 1.983 0.350 0.020 21.041 4.222
21.763 1.175 -7.104 1.861 0.349 0.020 21.063 4.230
21.784 1.034 -7.070 1.718 0.349 0.020 21.082 4.237
21.802 0.893 -7.039 1.557 0.349 0.020 21.099 4.244
21.817 0.756 -6.840 9.923 0.349 0.020 21.113 4.249
21.830 0.629 -6.357 24.165 0.349 0.020 21.125 4.253
21.840 0.514 -5.760 29.828 0.349 0.020 21.135 4.257
21.848 0.410 -5.169 29.581 0.349 0.020 21.143 4.259
21.854 0.319 -4.581 29.377 0.349 0.020 21.149 4.262
21.859 0.239 -3.997 29.213 0.349 0.020 21.153 4.263
21.863 0.170 -3.415 29.087 0.349 0.020 21.156 4.264
21.865 0.114 -2.835 28.993 0.349 0.020 21.158 4.265
21.866 0.068 -2.257 28.927 0.349 0.020 21.160 4.266
21.867 0.035 -1.679 28.885 0.349 0.020 21.160 4.266
21.867 0.013 -1.102 28.861 0.349 0.020 21.161 4.266
21.867 0.002 -0.525 28.850 0.349 0.020 21.161 4.266
21.867 0.000 -0.118 20.338 0.349 0.020 21.161 4.266
0.000 0.012 0.577 28.846 0.000 0.020 0.000 -0.992
0.001 0.023 0.577 0.000 0.000 0.020 0.001 -0.992
0.002 0.052 1.442 43.269 0.000 0.020 0.002 -0.992
0.003 0.092 2.019 28.846 0.000 0.020 0.003 -0.992
0.006 0.144 2.596 28.846 0.000 0.020 0.006 -0.992
0.010 0.208 3.173 28.846 0.000 0.020 0.010 -0.992
0.016 0.283 3.750 28.846 0.000 0.020 0.016 -0.992
0.024 0.369 4.327 28.846 0.000 0.020 0.024 -0.992
0.033 0.467 4.904 28.846 0.000 0.020 0.033 -0.992
0.044 0.577 5.481 28.846 0.000 0.020 0.044 -0.992
0.058 0.698 6.058 28.846 0.000 0.020 0.058 -0.992
0.075 0.831 6.635 28.846 0.000 0.020 0.075 -0.992
0.094 0.969 6.923 14.423 0.000 0.020 0.094 -0.992
0.117 1.108 6.923 -0.000 0.000 0.020 0.117 -0.992
0.141 1.246 6.923 -0.000 0.000 0.020 0.141 -0.992
0.169 1.385 6.923 0.000 0.000 0.020 0.169 -0.992
0.200 1.523 6.923 0.000 0.000 0.020 0.200 -0.992
0.233 1.662 6.923 0.000 0.000 0.020 0.233 -0.992
0.269 1.800 6.923 -0.000 0.000 0.020 0.269 -0.992
0.308 1.938 6.923 0.000 0.000 0.020 0.308 -0.992
0.349 2.077 6.923 -0.000 0.000 0.020 0.349 -0.992
0.393 2.215 6.923 -0.000 0.000 0.020 0.393 -0.992
0.441 2.354 6.923 -0.000 0.000 0.020 0.441 -0.992
0.490 2.492 6.923 0.000 0.000 0.020 0.490 -0.992
0.543 2.631 6.923 0.000 0.000 0.020 0.543 -0.992
0.598 2.769 6.923 -0.000 0.000 0.020 0.598 -0.992
0.657 2.908 6.923 0.000 0.000 0.020 0.657 -0.992
0.717 3.046 6.923 0.000 0.000 0.020 0.717 -0.992
0.781 3.185 6.923 0.000 0.000 0.020 0.781 -0.992
0.848 3.323 6.923 0.000 0.000 0.020 0.848 -0.992
0.917 3.462 6.923 -0.000 0.000 0.020 0.917 -0.992
0.989 3.600 6.923 0.000 0.000 0.020 0.989 -0.992
1.064 3.738 6.923 -0.000 0.000 0.020 1.064 -0.992
1.141 3.877 6.923 0.000 0.000 0.020 1.141 -0.992
1.221 4.015 6.923 -0.000 0.000 0.020 1.221 -0.992
1.305 4.154 6.923 0.000 0.000 0.020 1.305 -0.992
1.390 4.292 6.923 -0.000 0.000 0.020 1.390 -0.992
1.479 4.431 6.923 -0.000 0.000 0.020 1.479 -0.992
1.570 4.569 6.923 -0.000 0.000 0.020 1.570 -0.992
1.665 4.708 6.923 0.000 0.000 0.020 1.665 -0.992
1.761 4.846 6.923 0.000 0.000 0.020 1.761 -0.992
1.861 4.985 6.923 0.000 0.000 0.020 1.861 -0.992
1.964 5.123 6.923 -0.000 0.000 0.020 1.964 -0.992
2.069 5.262 6.923 0.000 0.000 0.020 2.069 -0.992
2.177 5.400 6.923 -0.000 0.000 0.020 2.177 -0.992
2.288 5.538 6.923 0.000 0.000 0.020 2.288 -0.992
2.401 5.677 6.923 -0.000 0.000 0.020 2.401 -0.992
2.517 5.815 6.923 0.000 0.000 0.020 2.517 -0.992
2.637 5.954 6.923 -0.000 0.000 0.020 2.637 -0.992
2.758 6.092 6.923 -0.000 0.000 0.020 2.758 -0.992
2.883 6.231 6.923 0.000 0.000 0.020 2.883 -0.992
3.010 6.369 6.923 -0.000 0.000 0.020 3.010 -0.992
3.141 6.508 6.923 0.000 0.000 0.020 3.141 -0.992
3.273 6.646 6.923 0.000 0.000 0.020 3.273 -0.992
3.409 6.785 6.923 0.000 0.000 0.020 3.409 -0.992
3.548 6.923 6.923 0.000 0.000 0.020 3.548 -0.992
3.689 7.062 6.923 -0.000 0.000 0.020 3.689 -0.992
3.833 7.200 6.923 0.000 0.000 0.020 3.833 -0.992
3.980 7.338 6.923 -0.000 0.000 0.020 3.980 -0.992
4.129 7.477 6.923 0.000 0.000 0.020 4.129 -0.992
4.281 7.615 6.923 0.000 0.000 0.020 4.281 -0.992
4.437 7.754 6.923 -0.000 0.000 0.020 4.437 -0.992
4.594 7.892 6.923 0.000 0.000 0.020 4.594 -0.992
4.755 8.031 6.923 -0.000 0.000 0.020 4.755 -0.992
4.918 8.169 6.923 0.000 0.000 0.020 4.918 -0.992
5.084 8.302 6.635 -14.423 0.000 0.020 5.084 -0.992
5.253 8.423 6.058 -28.846 0.000 0.020 5.253 -0.992
5.424 8.533 5.481 -28.846 0.000 0.020 5.424 -0.992
5.596 8.631 4.904 -28.846 0.000 0.020 5.596 -0.992
5.770 8.717 4.327 -28.846 0.000 0.020 5.770 -0.992
5.946 8.792 3.750 -28.846 0.000 0.020 5.946 -0.992
6.123 8.856 3.173 -28.846 0.000 0.020 6.123 -0.992
6.302 8.908 2.596 -28.846 0.000 0.020 6.302 -0.992
6.481 8.948 2.019 -28.846 0.000 0.020 6.481 -0.992
6.660 8.977 1.442 -28.846 0.000 0.020 6.660 -0.992
6.840 8.994 0.865 -28.846 0.000 0.020 6.840 -0.992
7.020 9.000 0.288 -28.846 0.000 0.020 7.020 -0.992
7.200 9.000 0.000 -14.423 0.000 0.020 7.200 -0.992
7.380 9.000 -0.000 -0.000 0.000 0.020 7.380 -0.992
7.560 9.000 0.000 0.000 0.000 0.020 7.560 -0.992
7.740 9.000 0.000 0.000 0.000 0.020 7.740 -0.992
7.920 9.000 -0.000 -0.000 0.000 0.020 7.920 -0.992
8.100 9.000 0.000 0.000 0.000 0.020 8.100 -0.992
8.280 9.000 -0.000 -0.000 0.000 0.020 8.280 -0.992
8.460 9.000 0.000 0.000 0.000 0.020 8.460 -0.992
8.640 9.000 0.000 0.000 0.000 0.020 8.640 -0.992
8.820 9.000 0.000 0.000 0.000 0.020 8.820 -0.992
9.000 9.000 -0.000 -0.000 0.000 0.020 9.000 -0.992
9.180 9.000 0.000 0.000 0.000 0.020 9.180 -0.992
9.360 9.000 0.000 0.000 0.000 0.020 9.360 -0.992
9.540 9.000 0.000 0.000 0.000 0.020 9.540 -0.992
9.720 9.000 0.000 0.000 0.000 0.020 9.720 -0.992
9.900 9.000 0.000 0.000 0.000 0.020 9.900 -0.992
10.080 9.000 -0.000 -0.000 0.000 0.020 10.080 -0.992
10.260 9.000 0.000 0.000 0.000 0.020 10.260 -0.992
10.440 9.000 -0.000 -0.000 0.000 0.020 10.440 -0.992
10.620 9.000 0.000 0.000 0.000 0.020 10.620 -0.992
10.800 9.000 0.000 -0.000 0.000 0.020 10.800 -0.992
10.980 9.000 -0.000 -0.000 0.000 0.020 10.980 -0.992
11.160 9.000 0.000 0.000 0.000 0.020 11.160 -0.992
11.340 9.000 -0.000 -0.000 0.000 0.020 11.340 -0.992
11.520 9.000 0.000 0.000 0.000 0.020 11.520 -0.992
11.700 9.000 0.000 0.000 0.000 0.020 11.700 -0.992
11.880 9.000 0.000 0.000 0.000 0.020 11.880 -0.992
12.060 9.000 0.000 0.000 0.000 0.020 12.060 -0.992
12.241 9.059 2.943 147.164 0.001 0.020 12.241 -0.992
12.425 9.205 7.327 219.176 0.005 0.020 12.425 -0.992
12.612 9.341 6.802 -26.228 0.012 0.020 12.612 -0.990
12.801 9.467 6.276 -26.300 0.022 0.020 12.801 -0.987
12.993 9.583 5.794 -24.090 0.033 0.020 12.993 -0.982
13.187 9.690 5.338 -22.826 0.047 0.020 13.187 -0.974
13.383 9.787 4.890 -22.374 0.063 0.020 13.382 -0.963
13.580 9.876 4.438 -22.601 0.081 0.020 13.579 -0.949
13.779 9.956 3.971 -23.367 0.100 0.020 13.777 -0.931
13.980 10.025 3.481 -24.516 0.121 0.020 13.977 -0.909
14.181 10.084 2.963 -25.882 0.143 0.020 14.177 -0.883
14.384 10.133 2.417 -27.289 0.165 0.020 14.377 -0.852
14.588 10.170 1.846 -28.560 0.189 0.020 14.577 -0.816
14.791 10.195 1.256 -29.529 0.213 0.020 14.777 -0.775
14.996 10.208 0.654 -30.055 0.237 0.020 14.976 -0.729
15.200 10.209 0.054 -30.034 0.262 0.020 15.174 -0.679
15.404 10.198 -0.534 -29.410 0.286 0.020 15.370 -0.624
15.607 10.176 -1.098 -28.183 0.310 0.020 15.565 -0.564
15.810 10.140 -1.817 -35.971 0.333 0.020 15.757 -0.500
16.012 10.084 -2.811 -49.697 0.355 0.020 15.947 -0.432
16.212 10.006 -3.873 -53.091 0.376 0.020 16.134 -0.361
16.410 9.909 -4.861 -49.366 0.396 0.020 16.318 -0.286
16.606 9.794 -5.769 -45.428 0.414 0.020 16.498 -0.209
16.799 9.662 -6.598 -41.467 0.431 0.020 16.674 -0.129
16.989 9.515 -7.351 -37.642 0.447 0.020 16.846 -0.049
17.177 9.354 -8.033 -34.070 0.461 0.020 17.014 0.034
17.360 9.181 -8.649 -30.823 0.473 0.020 17.178 0.116
17.540 8.997 -9.208 -27.941 0.484 0.020 17.338 0.199
17.716 8.803 -9.717 -25.430 0.493 0.020 17.493 0.282
17.888 8.599 -10.182 -23.276 0.500 0.020 17.645 0.363
18.056 8.390 -10.435 -12.661 0.506 0.020 17.792 0.444
18.220 8.183 -10.368 3.386 0.511 0.020 17.934 0.524
18.379 7.980 -10.168 9.978 0.514 0.020 18.074 0.602
18.535 7.780 -9.964 10.209 0.517 0.020 18.209 0.679
18.686 7.585 -9.757 10.327 0.518 0.020 18.341 0.754
18.834 7.394 -9.550 10.361 0.518 0.020 18.469 0.827
18.979 7.207 -9.343 10.334 0.517 0.020 18.595 0.899
19.119 7.025 -9.138 10.261 0.515 0.020 18.717 0.968
19.256 6.846 -8.935 10.151 0.512 0.020 18.836 1.035
19.389 6.671 -8.735 10.011 0.509 0.020 18.952 1.100
19.519 6.500 -8.538 9.843 0.504 0.020 19.066 1.163
19.646 6.333 -8.345 9.648 0.500 0.020 19.177 1.224
19.769 6.170 -8.157 9.425 0.495 0.020 19.286 1.283
19.890 6.011 -7.973 9.172 0.489 0.020 19.392 1.340
20.007 5.855 -7.795 8.887 0.483 0.020 19.495 1.395
20.121 5.702 -7.624 8.569 0.477 0.020 19.596 1.447
20.232 5.553 -7.460 8.217 0.471 0.020 19.695 1.498
20.340 5.407 -7.303 7.831 0.464 0.020 19.792 1.547
20.445 5.264 -7.155 7.412 0.457 0.020 19.886 1.594
20.548 5.124 -7.016 6.963 0.451 0.020 19.978 1.639
20.647 4.986 -6.886 6.485 0.444 0.020 20.068 1.682
20.745 4.851 -6.766 5.984 0.437 0.020 20.156 1.723
20.839 4.718 -6.657 5.464 0.431 0.020 20.241 1.763
20.931 4.586 -6.558 4.930 0.424 0.020 20.325 1.801
21.020 4.457 -6.471 4.387 0.418 0.020 20.406 1.837
21.106 4.329 -6.394 3.841 0.412 0.020 20.485 1.872
21.190 4.203 -6.328 3.298 0.406 0.020 20.563 1.906
21.272 4.077 -6.273 2.763 0.401 0.020 20.637 1.938
21.351 3.953 -6.228 2.241 0.396 0.020 20.710 1.968
21.428 3.829 -6.193 1.736 0.391 0.020 20.781 1.998
21.502 3.705 -6.168 1.253 0.386 0.020 20.850 2.026
21.573 3.582 -6.152 0.795 0.382 0.020 20.916 2.052
21.642 3.459 -6.145 0.364 0.378 0.020 20.980 2.078
21.709 3.337 -6.146 -0.037 0.374 0.020 21.042 2.103
21.773 3.213 -6.154 -0.406 0.371 0.020 21.102 2.126
21.835 3.090 -6.168 -0.741 0.368 0.020 21.160 2.148
21.895 2.966 -6.189 -1.043 0.365 0.020 21.215 2.170
21.951 2.842 -6.216 -1.311 0.363 0.020 21.268 2.190
22.006 2.717 -6.246 -1.543 0.360 0.020 21.319 2.209
22.058 2.591 -6.281 -1.741 0.359 0.020 21.368 2.227
22.107 2.465 -6.319 -1.905 0.357 0.020 21.414 2.245
22.154 2.338 -6.360 -2.035 0.355 0.020 21.458 2.261
22.198 2.210 -6.403 -2.132 0.354 0.020 21.499 2.276
22.239 2.081 -6.447 -2.197 0.353 0.020 21.538 2.291
22.278 1.951 -6.491 -2.231 0.352 0.020 21.575 2.304
22.315 1.820 -6.536 -2.235 0.351 0.020 21.609 2.317
22.349 1.689 -6.580 -2.211 0.351 0.020 21.641 2.328
22.380 1.556 -6.623 -2.160 0.350 0.020 21.670 2.339
22.408 1.423 -6.665 -2.083 0.350 0.020 21.697 2.349
22.434 1.289 -6.705 -1.983 0.350 0.020 21.721 2.358
22.457 1.154 -6.742 -1.861 0.349 0.020 21.743 2.365
22.477 1.018 -6.776 -1.718 0.349 0.020 21.762 2.372
22.495 0.882 -6.807 -1.557 0.349 0.020 21.778 2.378
22.510 0.749 -6.665 7.095 0.349 0.020 21.792 2.384
22.523 0.624 -6.231 21.699 0.349 0.020 21.804 2.388
22.533 0.511 -5.674 27.865 0.349 0.020 21.814 2.391
22.541 0.409 -5.112 28.111 0.349 0.020 21.821 2.394
22.547 0.318 -4.546 28.315 0.349 0.020 21.827 2.396
22.552 0.238 -3.976 28.479 0.349 0.020 21.832 2.398
22.556 0.170 -3.404 28.606 0.349 0.020 21.835 2.399
22.558 0.114 -2.830 28.700 0.349 0.020 21.837 2.400
22.559 0.068 -2.255 28.765 0.349 0.020 21.838 2.400
22.560 0.035 -1.678 28.808 0.349 0.020 21.839 2.401
22.560 0.013 -1.102 28.831 0.349 0.020 21.839 2.401
22.560 0.002 -0.525 28.842 0.349 0.020 21.839 2.401
22.560 0.000 -0.118 20.337 0.349 0.020 21.839 2.401
