ForwardCubePickupPath
92
0.000 0.011 0.554 27.680 0.000 0.020 0.000 0.992
0.001 0.022 0.554 0.000 0.000 0.020 0.001 0.992
0.002 0.050 1.384 41.521 0.000 0.020 0.002 0.992
0.003 0.089 1.938 27.680 0.000 0.020 0.003 0.992
0.006 0.138 2.491 27.680 0.000 0.020 0.006 0.992
0.010 0.199 3.045 27.680 0.000 0.020 0.010 0.992
0.016 0.271 3.598 27.680 0.000 0.020 0.016 0.992
0.023 0.354 4.152 27.680 0.000 0.020 0.023 0.992
0.032 0.448 4.706 27.680 0.000 0.020 0.032 0.992
0.043 0.548 4.982 13.840 0.000 0.020 0.043 0.992
0.055 0.648 4.982 -0.000 0.000 0.020 0.055 0.992
0.070 0.747 4.982 -0.000 0.000 0.020 0.070 0.992
0.087 0.847 4.982 0.000 0.000 0.020 0.087 0.992
0.106 0.947 4.982 -0.000 0.000 0.020 0.106 0.992
0.127 1.046 4.982 -0.000 0.000 0.020 0.127 0.992
0.150 1.146 4.982 0.000 0.000 0.020 0.150 0.992
0.175 1.246 4.982 -0.000 0.000 0.020 0.175 0.992
0.202 1.345 4.982 0.000 0.000 0.020 0.202 0.992
0.231 1.445 4.982 0.000 0.000 0.020 0.231 0.992
0.262 1.545 4.982 -0.000 0.000 0.020 0.262 0.992
0.295 1.644 4.982 -0.000 0.000 0.020 0.295 0.992
0.330 1.744 4.982 0.000 0.000 0.020 0.330 0.992
0.366 1.844 4.982 -0.000 0.000 0.020 0.366 0.992
0.405 1.943 4.982 0.000 0.000 0.020 0.405 0.992
0.446 2.043 4.982 -0.000 0.000 0.020 0.446 0.992
0.489 2.142 4.982 0.000 0.000 0.020 0.489 0.992
0.534 2.242 4.982 0.000 0.000 0.020 0.534 0.992
0.581 2.342 4.982 -0.000 0.000 0.020 0.581 0.992
0.629 2.441 4.982 -0.000 0.000 0.020 0.629 0.992
0.680 2.541 4.982 -0.000 0.000 0.020 0.680 0.992
0.733 2.641 4.982 0.000 0.000 0.020 0.733 0.992
0.788 2.740 4.982 -0.000 0.000 0.020 0.788 0.992
0.845 2.840 4.982 0.000 0.000 0.020 0.845 0.992
0.903 2.940 4.982 -0.000 0.000 0.020 0.903 0.992
0.964 3.039 4.982 -0.000 0.000 0.020 0.964 0.992
1.027 3.139 4.982 0.000 0.000 0.020 1.027 0.992
1.092 3.239 4.982 0.000 0.000 0.020 1.092 0.992
1.158 3.333 4.706 -13.840 0.000 0.020 1.158 0.992
1.227 3.416 4.152 -27.680 0.000 0.020 1.227 0.992
1.297 3.488 3.598 -27.680 0.000 0.020 1.297 0.992
1.368 3.549 3.045 -27.680 0.000 0.020 1.368 0.992
1.439 3.598 2.491 -27.680 0.000 0.020 1.439 0.992
1.512 3.637 1.938 -27.680 0.000 0.020 1.512 0.992
1.586 3.665 1.384 -27.680 0.000 0.020 1.586 0.992
1.659 3.681 0.830 -27.680 0.000 0.020 1.659 0.992
1.733 3.683 0.056 -38.703 0.000 0.020 1.733 0.992
1.806 3.668 -0.718 -38.703 0.000 0.020 1.806 0.992
1.879 3.643 -1.271 -27.680 0.000 0.020 1.879 0.992
1.951 3.606 -1.825 -27.680 0.000 0.020 1.951 0.992
2.022 3.559 -2.379 -27.680 0.000 0.020 2.022 0.992
2.092 3.500 -2.932 -27.680 0.000 0.020 2.092 0.992
2.161 3.430 -3.486 -27.680 0.000 0.020 2.161 0.992
2.228 3.350 -4.039 -27.680 0.000 0.020 2.228 0.992
2.293 3.258 -4.593 -27.680 0.000 0.020 2.293 0.992
2.356 3.159 -4.926 -16.658 0.000 0.020 2.356 0.992
2.417 3.060 -4.982 -2.818 0.000 0.020 2.417 0.992
2.477 2.960 -4.982 -0.000 0.000 0.020 2.477 0.992
2.534 2.860 -4.982 0.000 0.000 0.020 2.534 0.992
2.589 2.761 -4.982 -0.000 0.000 0.020 2.589 0.992
2.642 2.661 -4.982 0.000 0.000 0.020 2.642 0.992
2.694 2.561 -4.982 0.000 0.000 0.020 2.694 0.992
2.743 2.462 -4.982 -0.000 0.000 0.020 2.743 0.992
2.790 2.362 -4.982 0.000 0.000 0.020 2.790 0.992
2.835 2.262 -4.982 0.000 0.000 0.020 2.835 0.992
2.879 2.163 -4.982 0.000 0.000 0.020 2.879 0.992
2.920 2.063 -4.982 0.000 0.000 0.020 2.920 0.992
2.959 1.963 -4.982 -0.000 0.000 0.020 2.959 0.992
2.996 1.864 -4.982 0.000 0.000 0.020 2.996 0.992
3.032 1.764 -4.982 -0.000 0.000 0.020 3.032 0.992
3.065 1.664 -4.982 0.000 0.000 0.020 3.065 0.992
3.096 1.565 -4.982 0.000 0.000 0.020 3.096 0.992
3.125 1.465 -4.982 -0.000 0.000 0.020 3.125 0.992
3.153 1.366 -4.982 0.000 0.000 0.020 3.153 0.992
3.178 1.266 -4.982 0.000 0.000 0.020 3.178 0.992
3.201 1.166 -4.982 0.000 0.000 0.020 3.201 0.992
3.223 1.067 -4.982 0.000 0.000 0.020 3.223 0.992
3.242 0.967 -4.982 -0.000 0.000 0.020 3.242 0.992
3.259 0.867 -4.982 0.000 0.000 0.020 3.259 0.992
3.275 0.768 -4.982 0.000 0.000 0.020 3.275 0.992
3.288 0.668 -4.982 -0.000 0.000 0.020 3.288 0.992
3.300 0.568 -4.982 0.000 0.000 0.020 3.300 0.992
3.309 0.469 -4.982 -0.000 0.000 0.020 3.309 0.992
3.316 0.373 -4.762 11.023 0.000 0.020 3.316 0.992
3.322 0.288 -4.265 24.863 0.000 0.020 3.322 0.992
3.326 0.214 -3.711 27.680 0.000 0.020 3.326 0.992
3.329 0.151 -3.158 27.680 0.000 0.020 3.329 0.992
3.331 0.099 -2.604 27.680 0.000 0.020 3.331 0.992
3.333 0.058 -2.050 27.680 0.000 0.020 3.333 0.992
3.333 0.028 -1.497 27.680 0.000 0.020 3.333 0.992
3.333 0.009 -0.943 27.680 0.000 0.020 3.333 0.992
3.333 0.001 -0.390 27.680 0.000 0.020 3.333 0.992
3.333 0.000 -0.056 16.658 0.000 0.020 3.333 0.992
0.000 0.011 0.554 27.680 0.000 0.020 0.000 -0.992
0.001 0.022 0.554 0.000 0.000 0.020 0.001 -0.992
0.002 0.050 1.384 41.521 0.000 0.020 0.002 -0.992
0.003 0.089 1.938 27.680 0.000 0.020 0.003 -0.992
0.006 0.138 2.491 27.680 0.000 0.020 0.006 -0.992
0.010 0.199 3.045 27.680 0.000 0.020 0.010 -0.992
0.016 0.271 3.598 27.680 0.000 0.020 0.016 -0.992
0.023 0.354 4.152 27.680 0.000 0.020 0.023 -0.992
0.032 0.448 4.706 27.680 0.000 0.020 0.032 -0.992
0.043 0.548 4.982 13.840 0.000 0.020 0.043 -0.992
0.055 0.648 4.982 -0.000 0.000 0.020 0.055 -0.992
0.070 0.747 4.982 -0.000 0.000 0.020 0.070 -0.992
0.087 0.847 4.982 0.000 0.000 0.020 0.087 -0.992
0.106 0.947 4.982 -0.000 0.000 0.020 0.106 -0.992
0.127 1.046 4.982 -0.000 0.000 0.020 0.127 -0.992
0.150 1.146 4.982 0.000 0.000 0.020 0.150 -0.992
0.175 1.246 4.982 -0.000 0.000 0.020 0.175 -0.992
0.202 1.345 4.982 0.000 0.000 0.020 0.202 -0.992
0.231 1.445 4.982 0.000 0.000 0.020 0.231 -0.992
0.262 1.545 4.982 -0.000 0.000 0.020 0.262 -0.992
0.295 1.644 4.982 -0.000 0.000 0.020 0.295 -0.992
0.330 1.744 4.982 0.000 0.000 0.020 0.330 -0.992
0.366 1.844 4.982 -0.000 0.000 0.020 0.366 -0.992
0.405 1.943 4.982 0.000 0.000 0.020 0.405 -0.992
0.446 2.043 4.982 -0.000 0.000 0.020 0.446 -0.992
0.489 2.142 4.982 0.000 0.000 0.020 0.489 -0.992
0.534 2.242 4.982 0.000 0.000 0.020 0.534 -0.992
0.581 2.342 4.982 -0.000 0.000 0.020 0.581 -0.992
0.629 2.441 4.982 -0.000 0.000 0.020 0.629 -0.992
0.680 2.541 4.982 -0.000 0.000 0.020 0.680 -0.992
0.733 2.641 4.982 0.000 0.000 0.020 0.733 -0.992
0.788 2.740 4.982 -0.000 0.000 0.020 0.788 -0.992
0.845 2.840 4.982 0.000 0.000 0.020 0.845 -0.992
0.903 2.940 4.982 -0.000 0.000 0.020 0.903 -0.992
0.964 3.039 4.982 -0.000 0.000 0.020 0.964 -0.992
1.027 3.139 4.982 0.000 0.000 0.020 1.027 -0.992
1.092 3.239 4.982 0.000 0.000 0.020 1.092 -0.992
1.158 3.333 4.706 -13.840 0.000 0.020 1.158 -0.992
1.227 3.416 4.152 -27.680 0.000 0.020 1.227 -0.992
1.297 3.488 3.598 -27.680 0.000 0.020 1.297 -0.992
1.368 3.549 3.045 -27.680 0.000 0.020 1.368 -0.992
1.439 3.598 2.491 -27.680 0.000 0.020 1.439 -0.992
1.512 3.637 1.938 -27.680 0.000 0.020 1.512 -0.992
1.586 3.665 1.384 -27.680 0.000 0.020 1.586 -0.992
1.659 3.681 0.830 -27.680 0.000 0.020 1.659 -0.992
1.733 3.683 0.056 -38.703 0.000 0.020 1.733 -0.992
1.806 3.668 -0.718 -38.703 0.000 0.020 1.806 -0.992
1.879 3.643 -1.271 -27.680 0.000 0.020 1.879 -0.992
1.951 3.606 -1.825 -27.680 0.000 0.020 1.951 -0.992
2.022 3.559 -2.379 -27.680 0.000 0.020 2.022 -0.992
2.092 3.500 -2.932 -27.680 0.000 0.020 2.092 -0.992
2.161 3.430 -3.486 -27.680 0.000 0.020 2.161 -0.992
2.228 3.350 -4.039 -27.680 0.000 0.020 2.228 -0.992
2.293 3.258 -4.593 -27.680 0.000 0.020 2.293 -0.992
2.356 3.159 -4.926 -16.658 0.000 0.020 2.356 -0.992
2.417 3.060 -4.982 -2.818 0.000 0.020 2.417 -0.992
2.477 2.960 -4.982 -0.000 0.000 0.020 2.477 -0.992
2.534 2.860 -4.982 0.000 0.000 0.020 2.534 -0.992
2.589 2.761 -4.982 -0.000 0.000 0.020 2.589 -0.992
2.642 2.661 -4.982 0.000 0.000 0.020 2.642 -0.992
2.694 2.561 -4.982 0.000 0.000 0.020 2.694 -0.992
2.743 2.462 -4.982 -0.000 0.000 0.020 2.743 -0.992
2.790 2.362 -4.982 0.000 0.000 0.020 2.790 -0.992
2.835 2.262 -4.982 0.000 0.000 0.020 2.835 -0.992
2.879 2.163 -4.982 0.000 0.000 0.020 2.879 -0.992
2.920 2.063 -4.982 0.000 0.000 0.020 2.920 -0.992
2.959 1.963 -4.982 -0.000 0.000 0.020 2.959 -0.992
2.996 1.864 -4.982 0.000 0.000 0.020 2.996 -0.992
3.032 1.764 -4.982 -0.000 0.000 0.020 3.032 -0.992
3.065 1.664 -4.982 0.000 0.000 0.020 3.065 -0.992
3.096 1.565 -4.982 0.000 0.000 0.020 3.096 -0.992
3.125 1.465 -4.982 -0.000 0.000 0.020 3.125 -0.992
3.153 1.366 -4.982 0.000 0.000 0.020 3.153 -0.992
3.178 1.266 -4.982 0.000 0.000 0.020 3.178 -0.992
3.201 1.166 -4.982 0.000 0.000 0.020 3.201 -0.992
3.223 1.067 -4.982 0.000 0.000 0.020 3.223 -0.992
3.242 0.967 -4.982 -0.000 0.000 0.020 3.242 -0.992
3.259 0.867 -4.982 0.000 0.000 0.020 3.259 -0.992
3.275 0.768 -4.982 0.000 0.000 0.020 3.275 -0.992
3.288 0.668 -4.982 -0.000 0.000 0.020 3.288 -0.992
3.300 0.568 -4.982 0.000 0.000 0.020 3.300 -0.992
3.309 0.469 -4.982 -0.000 0.000 0.020 3.309 -0.992
3.316 0.373 -4.762 11.023 0.000 0.020 3.316 -0.992
3.322 0.288 -4.265 24.863 0.000 0.020 3.322 -0.992
3.326 0.214 -3.711 27.680 0.000 0.020 3.326 -0.992
3.329 0.151 -3.158 27.680 0.000 0.020 3.329 -0.992
3.331 0.099 -2.604 27.680 0.000 0.020 3.331 -0.992
3.333 0.058 -2.050 27.680 0.000 0.020 3.333 -0.992
3.333 0.028 -1.497 27.680 0.000 0.020 3.333 -0.992
3.333 0.009 -0.943 27.680 0.000 0.020 3.333 -0.992
3.333 0.001 -0.390 27.680 0.000 0.020 3.333 -0.992
3.333 0.000 -0.056 16.658 0.000 0.020 3.333 -0.992
