ForwardSwitchPath
66
0.000 0.012 0.586 29.298 0.000 0.020 0.000 0.992
0.001 0.023 0.586 -0.000 0.000 0.020 0.001 0.992
0.002 0.053 1.465 43.948 0.000 0.020 0.002 0.992
0.004 0.094 2.051 29.298 0.000 0.020 0.004 0.992
0.006 0.146 2.637 29.298 0.000 0.020 0.006 0.992
0.011 0.211 3.223 29.298 0.000 0.020 0.011 0.992
0.016 0.287 3.809 29.298 0.000 0.020 0.016 0.992
0.024 0.375 4.395 29.298 0.000 0.020 0.024 0.992
0.033 0.475 4.981 29.298 0.000 0.020 0.033 0.992
0.045 0.586 5.567 29.298 0.000 0.020 0.045 0.992
0.059 0.703 5.860 14.649 0.000 0.020 0.059 0.992
0.076 0.820 5.860 -0.000 0.000 0.020 0.076 0.992
0.094 0.938 5.860 0.000 0.000 0.020 0.094 0.992
0.115 1.055 5.860 0.000 0.000 0.020 0.115 0.992
0.139 1.172 5.860 0.000 0.000 0.020 0.139 0.992
0.165 1.289 5.860 -0.000 0.000 0.020 0.165 0.992
0.193 1.406 5.860 0.000 0.000 0.020 0.193 0.992
0.223 1.524 5.860 -0.000 0.000 0.020 0.223 0.992
0.256 1.641 5.860 -0.000 0.000 0.020 0.256 0.992
0.291 1.758 5.860 0.000 0.000 0.020 0.291 0.992
0.329 1.875 5.860 -0.000 0.000 0.020 0.329 0.992
0.369 1.992 5.860 0.000 0.000 0.020 0.369 0.992
0.411 2.109 5.860 -0.000 0.000 0.020 0.411 0.992
0.455 2.221 5.567 -14.649 0.000 0.020 0.455 0.992
0.502 2.320 4.981 -29.298 0.000 0.020 0.502 0.992
0.550 2.408 4.395 -29.298 0.000 0.020 0.550 0.992
0.599 2.485 3.809 -29.298 0.000 0.020 0.599 0.992
0.650 2.549 3.223 -29.298 0.000 0.020 0.650 0.992
0.702 2.602 2.637 -29.298 0.000 0.020 0.702 0.992
0.755 2.643 2.051 -29.298 0.000 0.020 0.755 0.992
0.809 2.672 1.465 -29.298 0.000 0.020 0.809 0.992
0.863 2.690 0.879 -29.298 0.000 0.020 0.863 0.992
0.916 2.692 0.135 -37.178 0.000 0.020 0.916 0.992
0.970 2.680 -0.608 -37.178 0.000 0.020 0.970 0.992
1.023 2.656 -1.194 -29.298 0.000 0.020 1.023 0.992
1.076 2.621 -1.780 -29.298 0.000 0.020 1.076 0.992
1.127 2.573 -2.366 -29.298 0.000 0.020 1.127 0.992
1.177 2.514 -2.952 -29.298 0.000 0.020 1.177 0.992
1.226 2.444 -3.538 -29.298 0.000 0.020 1.226 0.992
1.273 2.361 -4.124 -29.298 0.000 0.020 1.273 0.992
1.319 2.267 -4.710 -29.298 0.000 0.020 1.319 0.992
1.362 2.161 -5.296 -29.298 0.000 0.020 1.362 0.992
1.403 2.046 -5.724 -21.419 0.000 0.020 1.403 0.992
1.441 1.929 -5.860 -6.769 0.000 0.020 1.441 0.992
1.478 1.812 -5.860 0.000 0.000 0.020 1.478 0.992
1.512 1.695 -5.860 -0.000 0.000 0.020 1.512 0.992
1.543 1.578 -5.860 0.000 0.000 0.020 1.543 0.992
1.572 1.460 -5.860 0.000 0.000 0.020 1.572 0.992
1.599 1.343 -5.860 -0.000 0.000 0.020 1.599 0.992
1.624 1.226 -5.860 0.000 0.000 0.020 1.624 0.992
1.646 1.109 -5.860 0.000 0.000 0.020 1.646 0.992
1.666 0.992 -5.860 -0.000 0.000 0.020 1.666 0.992
1.683 0.875 -5.860 0.000 0.000 0.020 1.683 0.992
1.698 0.757 -5.860 0.000 0.000 0.020 1.698 0.992
1.711 0.640 -5.860 -0.000 0.000 0.020 1.711 0.992
1.722 0.526 -5.702 7.880 0.000 0.020 1.722 0.992
1.730 0.421 -5.251 22.529 0.000 0.020 1.730 0.992
1.737 0.328 -4.666 29.298 0.000 0.020 1.737 0.992
1.742 0.246 -4.080 29.298 0.000 0.020 1.742 0.992
1.745 0.176 -3.494 29.298 0.000 0.020 1.745 0.992
1.747 0.118 -2.908 29.298 0.000 0.020 1.747 0.992
1.749 0.072 -2.322 29.298 0.000 0.020 1.749 0.992
1.750 0.037 -1.736 29.298 0.000 0.020 1.750 0.992
1.750 0.014 -1.150 29.298 0.000 0.020 1.750 0.992
1.750 0.003 -0.564 29.298 0.000 0.020 1.750 0.992
1.750 0.000 -0.135 21.419 0.000 0.020 1.750 0.992
0.000 0.012 0.586 29.298 0.000 0.020 0.000 -0.992
0.001 0.023 0.586 -0.000 0.000 0.020 0.001 -0.992
0.002 0.053 1.465 43.948 0.000 0.020 0.002 -0.992
0.004 0.094 2.051 29.298 0.000 0.020 0.004 -0.992
0.006 0.146 2.637 29.298 0.000 0.020 0.006 -0.992
0.011 0.211 3.223 29.298 0.000 0.020 0.011 -0.992
0.016 0.287 3.809 29.298 0.000 0.020 0.016 -0.992
0.024 0.375 4.395 29.298 0.000 0.020 0.024 -0.992
0.033 0.475 4.981 29.298 0.000 0.020 0.033 -0.992
0.045 0.586 5.567 29.298 0.000 0.020 0.045 -0.992
0.059 0.703 5.860 14.649 0.000 0.020 0.059 -0.992
0.076 0.820 5.860 -0.000 0.000 0.020 0.076 -0.992
0.094 0.938 5.860 0.000 0.000 0.020 0.094 -0.992
0.115 1.055 5.860 0.000 0.000 0.020 0.115 -0.992
0.139 1.172 5.860 0.000 0.000 0.020 0.139 -0.992
0.165 1.289 5.860 -0.000 0.000 0.020 0.165 -0.992
0.193 1.406 5.860 0.000 0.000 0.020 0.193 -0.992
0.223 1.524 5.860 -0.000 0.000 0.020 0.223 -0.992
0.256 1.641 5.860 -0.000 0.000 0.020 0.256 -0.992
0.291 1.758 5.860 0.000 0.000 0.020 0.291 -0.992
0.329 1.875 5.860 -0.000 0.000 0.020 0.329 -0.992
0.369 1.992 5.860 0.000 0.000 0.020 0.369 -0.992
0.411 2.109 5.860 -0.000 0.000 0.020 0.411 -0.992
0.455 2.221 5.567 -14.649 0.000 0.020 0.455 -0.992
0.502 2.320 4.981 -29.298 0.000 0.020 0.502 -0.992
0.550 2.408 4.395 -29.298 0.000 0.020 0.550 -0.992
0.599 2.485 3.809 -29.298 0.000 0.020 0.599 -0.992
0.650 2.549 3.223 -29.298 0.000 0.020 0.650 -0.992
0.702 2.602 2.637 -29.298 0.000 0.020 0.702 -0.992
0.755 2.643 2.051 -29.298 0.000 0.020 0.755 -0.992
0.809 2.672 1.465 -29.298 0.000 0.020 0.809 -0.992
0.863 2.690 0.879 -29.298 0.000 0.020 0.863 -0.992
0.916 2.692 0.135 -37.178 0.000 0.020 0.916 -0.992
0.970 2.680 -0.608 -37.178 0.000 0.020 0.970 -0.992
1.023 2.656 -1.194 -29.298 0.000 0.020 1.023 -0.992
1.076 2.621 -1.780 -29.298 0.000 0.020 1.076 -0.992
1.127 2.573 -2.366 -29.298 0.000 0.020 1.127 -0.992
1.177 2.514 -2.952 -29.298 0.000 0.020 1.177 -0.992
1.226 2.444 -3.538 -29.298 0.000 0.020 1.226 -0.992
1.273 2.361 -4.124 -29.298 0.000 0.020 1.273 -0.992
1.319 2.267 -4.710 -29.298 0.000 0.020 1.319 -0.992
1.362 2.161 -5.296 -29.298 0.000 0.020 1.362 -0.992
1.403 2.046 -5.724 -21.419 0.000 0.020 1.403 -0.992
1.441 1.929 -5.860 -6.769 0.000 0.020 1.441 -0.992
1.478 1.812 -5.860 0.000 0.000 0.020 1.478 -0.992
1.512 1.695 -5.860 -0.000 0.000 0.020 1.512 -0.992
1.543 1.578 -5.860 0.000 0.000 0.020 1.543 -0.992
1.572 1.460 -5.860 0.000 0.000 0.020 1.572 -0.992
1.599 1.343 -5.860 -0.000 0.000 0.020 1.599 -0.992
1.624 1.226 -5.860 0.000 0.000 0.020 1.624 -0.992
1.646 1.109 -5.860 0.000 0.000 0.020 1.646 -0.992
1.666 0.992 -5.860 -0.000 0.000 0.020 1.666 -0.992
1.683 0.875 -5.860 0.000 0.000 0.020 1.683 -0.992
1.698 0.757 -5.860 0.000 0.000 0.020 1.698 -0.992
1.711 0.640 -5.860 -0.000 0.000 0.020 1.711 -0.992
1.722 0.526 -5.702 7.880 0.000 0.020 1.722 -0.992
1.730 0.421 -5.251 22.529 0.000 0.020 1.730 -0.992
1.737 0.328 -4.666 29.298 0.000 0.020 1.737 -0.992
1.742 0.246 -4.080 29.298 0.000 0.020 1.742 -0.992
1.745 0.176 -3.494 29.298 0.000 0.020 1.745 -0.992
1.747 0.118 -2.908 29.298 0.000 0.020 1.747 -0.992
1.749 0.072 -2.322 29.298 0.000 0.020 1.749 -0.992
1.750 0.037 -1.736 29.298 0.000 0.020 1.750 -0.992
1.750 0.014 -1.150 29.298 0.000 0.020 1.750 -0.992
1.750 0.003 -0.564 29.298 0.000 0.020 1.750 -0.992
1.750 0.000 -0.135 21.419 0.000 0.020 1.750 -0.992
