LeftScaleToSecondIntakePath
127
0.000 0.011 0.557 27.867 5.934 0.020 0.340 0.933
0.001 0.022 0.556 -0.054 5.934 0.020 0.340 0.932
0.002 0.050 1.387 41.524 5.934 0.020 0.341 0.932
0.003 0.089 1.927 27.001 5.934 0.020 0.343 0.931
0.006 0.137 2.444 25.882 5.934 0.020 0.345 0.931
0.010 0.196 2.926 24.067 5.934 0.020 0.349 0.929
0.015 0.263 3.354 21.403 5.934 0.020 0.354 0.927
0.022 0.337 3.709 17.763 5.935 0.020 0.360 0.925
0.030 0.412 3.716 0.355 5.936 0.020 0.368 0.922
0.040 0.479 3.394 -16.132 5.937 0.020 0.377 0.919
0.051 0.540 3.015 -18.907 5.938 0.020 0.387 0.915
0.062 0.591 2.586 -21.489 5.941 0.020 0.398 0.911
0.075 0.634 2.108 -23.879 5.944 0.020 0.410 0.907
0.088 0.665 1.586 -26.083 5.949 0.020 0.423 0.903
0.102 0.686 1.024 -28.104 5.955 0.020 0.436 0.898
0.116 0.694 0.426 -29.934 5.962 0.020 0.449 0.894
0.130 0.690 -0.205 -31.537 5.972 0.020 0.462 0.890
0.143 0.673 -0.862 -32.830 5.983 0.020 0.475 0.886
0.156 0.642 -1.535 -33.665 5.997 0.020 0.487 0.882
0.168 0.598 -2.211 -33.794 6.014 0.020 0.499 0.879
0.179 0.541 -2.868 -32.845 6.034 0.020 0.509 0.876
0.188 0.471 -3.474 -30.298 6.057 0.020 0.518 0.874
0.196 0.392 -3.983 -25.472 6.083 0.020 0.526 0.872
0.202 0.305 -4.334 -17.561 6.113 0.020 0.532 0.871
0.207 0.216 -4.449 -5.736 6.146 0.020 0.536 0.870
0.209 0.131 -4.236 10.659 6.183 0.020 0.539 0.870
0.210 0.059 -3.600 31.796 6.223 0.020 0.540 0.870
0.211 0.010 -2.460 57.000 6.266 0.020 0.540 0.870
0.211 0.005 -0.227 111.665 0.028 0.020 0.540 0.870
0.211 0.024 0.911 56.867 0.074 0.020 0.540 0.870
0.213 0.106 4.133 161.144 0.120 0.020 0.543 0.870
0.218 0.249 7.122 149.413 0.166 0.020 0.547 0.871
0.227 0.454 10.247 156.241 0.209 0.020 0.556 0.872
0.242 0.721 13.354 155.359 0.248 0.020 0.570 0.876
0.263 1.048 16.356 150.096 0.283 0.020 0.591 0.881
0.291 1.433 19.266 145.505 0.311 0.020 0.618 0.890
0.329 1.878 22.216 147.512 0.333 0.020 0.654 0.901
0.377 2.387 25.465 162.466 0.346 0.020 0.699 0.917
0.436 2.954 28.359 144.678 0.349 0.020 0.754 0.938
0.497 3.055 5.026 -1166.657 0.352 0.020 0.812 0.959
0.555 2.918 -6.819 -592.237 0.360 0.020 0.866 0.979
0.610 2.763 -7.751 -46.618 0.373 0.020 0.918 0.999
0.662 2.585 -8.891 -56.990 0.391 0.020 0.966 1.018
0.710 2.380 -10.240 -67.428 0.415 0.020 1.010 1.036
0.753 2.145 -11.766 -76.326 0.445 0.020 1.049 1.054
0.790 1.878 -13.382 -80.774 0.483 0.020 1.082 1.071
0.822 1.580 -14.901 -75.987 0.528 0.020 1.110 1.086
0.847 1.259 -16.002 -55.009 0.582 0.020 1.131 1.100
0.866 0.936 -16.193 -9.556 0.644 0.020 1.147 1.110
0.878 0.638 -14.858 66.716 0.714 0.020 1.157 1.118
0.887 0.410 -11.423 171.782 0.790 0.020 1.163 1.124
0.893 0.297 -5.659 288.213 0.870 0.020 1.167 1.128
0.899 0.337 2.005 383.166 0.951 0.020 1.171 1.134
0.910 0.546 10.453 422.428 1.030 0.020 1.177 1.143
0.929 0.912 18.304 392.547 1.103 0.020 1.186 1.159
0.957 1.403 24.529 311.261 1.169 0.020 1.197 1.184
0.996 1.977 28.705 208.796 1.224 0.020 1.212 1.221
1.048 2.598 31.059 117.695 1.268 0.020 1.228 1.270
1.113 3.246 32.419 67.985 1.300 0.020 1.246 1.333
1.191 3.921 33.734 65.763 1.320 0.020 1.266 1.408
1.284 4.637 35.818 104.177 1.326 0.020 1.289 1.498
1.381 4.834 9.842 -1298.785 1.329 0.020 1.312 1.592
1.474 4.650 -9.203 -952.236 1.336 0.020 1.334 1.683
1.564 4.496 -7.707 74.772 1.346 0.020 1.355 1.770
1.651 4.371 -6.259 72.418 1.358 0.020 1.374 1.855
1.737 4.277 -4.690 78.439 1.371 0.020 1.391 1.939
1.821 4.211 -3.309 69.064 1.385 0.020 1.407 2.022
1.904 4.168 -2.153 57.773 1.399 0.020 1.422 2.104
1.987 4.143 -1.253 45.034 1.412 0.020 1.436 2.186
2.070 4.130 -0.623 31.469 1.424 0.020 1.448 2.267
2.152 4.125 -0.265 17.913 1.435 0.020 1.460 2.349
2.235 4.127 0.084 17.428 1.443 0.020 1.471 2.431
2.318 4.136 0.467 19.148 1.449 0.020 1.481 2.513
2.401 4.150 0.679 10.599 1.454 0.020 1.491 2.595
2.484 4.165 0.750 3.553 1.456 0.020 1.501 2.678
2.567 4.179 0.706 -2.202 1.456 0.020 1.510 2.761
2.651 4.190 0.568 -6.886 1.455 0.020 1.520 2.844
2.735 4.197 0.354 -10.702 1.451 0.020 1.530 2.928
2.819 4.199 0.077 -13.824 1.445 0.020 1.540 3.011
2.903 4.194 -0.250 -16.385 1.438 0.020 1.551 3.094
2.987 4.181 -0.620 -18.482 1.429 0.020 1.562 3.177
3.070 4.161 -1.023 -20.173 1.419 0.020 1.574 3.259
3.152 4.132 -1.453 -21.487 1.408 0.020 1.587 3.341
3.234 4.094 -1.902 -22.432 1.395 0.020 1.601 3.422
3.315 4.046 -2.362 -23.001 1.382 0.020 1.616 3.501
3.395 3.990 -2.826 -23.185 1.368 0.020 1.631 3.579
3.474 3.924 -3.285 -22.977 1.354 0.020 1.647 3.656
3.551 3.850 -3.733 -22.382 1.339 0.020 1.665 3.731
3.626 3.766 -4.161 -21.416 1.324 0.020 1.682 3.804
3.699 3.675 -4.563 -20.112 1.309 0.020 1.701 3.876
3.771 3.576 -4.934 -18.519 1.295 0.020 1.720 3.945
3.840 3.471 -5.268 -16.693 1.280 0.020 1.739 4.011
3.907 3.360 -5.562 -14.701 1.267 0.020 1.759 4.075
3.972 3.244 -5.814 -12.610 1.253 0.020 1.779 4.137
4.035 3.123 -6.023 -10.483 1.241 0.020 1.799 4.196
4.095 2.999 -6.191 -8.380 1.229 0.020 1.819 4.253
4.152 2.873 -6.318 -6.349 1.218 0.020 1.838 4.307
4.207 2.745 -6.407 -4.429 1.207 0.020 1.857 4.358
4.259 2.616 -6.460 -2.649 1.198 0.020 1.876 4.407
4.309 2.486 -6.480 -1.027 1.189 0.020 1.895 4.454
4.356 2.357 -6.472 0.427 1.181 0.020 1.912 4.497
4.401 2.228 -6.437 1.710 1.174 0.020 1.929 4.538
4.443 2.100 -6.381 2.824 1.167 0.020 1.946 4.577
4.482 1.974 -6.305 3.775 1.162 0.020 1.961 4.613
4.519 1.850 -6.214 4.571 1.157 0.020 1.976 4.647
4.554 1.728 -6.110 5.220 1.152 0.020 1.990 4.679
4.586 1.608 -5.995 5.732 1.149 0.020 2.003 4.708
4.616 1.490 -5.873 6.115 1.146 0.020 2.016 4.735
4.643 1.375 -5.745 6.377 1.143 0.020 2.027 4.760
4.669 1.263 -5.615 6.524 1.141 0.020 2.037 4.783
4.692 1.153 -5.483 6.564 1.139 0.020 2.047 4.804
4.713 1.046 -5.353 6.502 1.138 0.020 2.056 4.823
4.731 0.942 -5.227 6.342 1.137 0.020 2.064 4.840
4.748 0.840 -5.105 6.091 1.136 0.020 2.071 4.856
4.763 0.740 -4.990 5.754 1.135 0.020 2.077 4.869
4.776 0.642 -4.883 5.336 1.135 0.020 2.082 4.881
4.787 0.546 -4.786 4.843 1.135 0.020 2.087 4.891
4.796 0.452 -4.700 4.283 1.135 0.020 2.091 4.899
4.803 0.360 -4.623 3.850 1.135 0.020 2.094 4.905
4.809 0.274 -4.279 17.202 1.134 0.020 2.096 4.910
4.813 0.201 -3.676 30.159 1.134 0.020 2.098 4.914
4.815 0.139 -3.090 29.331 1.134 0.020 2.099 4.916
4.817 0.089 -2.515 28.727 1.134 0.020 2.100 4.918
4.818 0.050 -1.949 28.315 1.134 0.020 2.100 4.919
4.819 0.022 -1.387 28.062 1.134 0.020 2.100 4.919
4.819 0.005 -0.829 27.930 1.134 0.020 2.101 4.919
4.819 0.000 -0.275 27.694 1.134 0.020 2.101 4.919
0.000 0.011 0.557 27.867 5.934 0.020 -0.339 -0.933
0.001 0.022 0.558 0.054 5.934 0.020 -0.339 -0.933
0.002 0.050 1.400 42.077 5.934 0.020 -0.338 -0.933
0.003 0.090 1.975 28.733 5.934 0.020 -0.336 -0.934
0.006 0.141 2.572 29.852 5.934 0.020 -0.334 -0.935
0.010 0.205 3.205 31.668 5.934 0.020 -0.330 -0.936
0.016 0.283 3.892 34.331 5.934 0.020 -0.324 -0.938
0.023 0.376 4.651 37.971 5.935 0.020 -0.317 -0.941
0.033 0.480 5.201 27.512 5.936 0.020 -0.308 -0.944
0.045 0.591 5.524 16.131 5.937 0.020 -0.297 -0.948
0.059 0.709 5.902 18.907 5.938 0.020 -0.284 -0.953
0.076 0.835 6.332 21.488 5.941 0.020 -0.268 -0.958
0.095 0.972 6.809 23.878 5.944 0.020 -0.250 -0.965
0.118 1.118 7.331 26.082 5.949 0.020 -0.229 -0.972
0.143 1.276 7.893 28.103 5.955 0.020 -0.205 -0.981
0.172 1.446 8.492 29.932 5.962 0.020 -0.177 -0.990
0.205 1.628 9.122 31.534 5.972 0.020 -0.146 -1.000
0.241 1.824 9.779 32.826 5.983 0.020 -0.111 -1.011
0.282 2.033 10.452 33.658 5.997 0.020 -0.073 -1.023
0.327 2.256 11.128 33.785 6.014 0.020 -0.029 -1.035
0.377 2.491 11.785 32.834 6.034 0.020 0.019 -1.048
0.431 2.739 12.390 30.284 6.057 0.020 0.072 -1.061
0.491 2.997 12.899 25.455 6.083 0.020 0.131 -1.073
0.557 3.262 13.250 17.543 6.113 0.020 0.195 -1.085
0.627 3.529 13.365 5.718 6.146 0.020 0.265 -1.096
0.703 3.792 13.151 -10.675 6.183 0.020 0.340 -1.105
0.784 4.043 12.515 -31.807 6.223 0.020 0.421 -1.112
0.869 4.270 11.375 -57.000 6.266 0.020 0.506 -1.115
0.959 4.464 9.686 -84.450 0.028 0.020 0.595 -1.115
1.051 4.613 7.461 -111.244 0.074 0.020 0.687 -1.110
1.145 4.709 4.783 -133.896 0.120 0.020 0.781 -1.101
1.240 4.745 1.796 -149.356 0.166 0.020 0.875 -1.087
1.334 4.718 -1.328 -156.179 0.209 0.020 0.968 -1.070
1.427 4.629 -4.434 -155.302 0.248 0.020 1.058 -1.049
1.516 4.481 -7.435 -150.051 0.283 0.020 1.144 -1.025
1.602 4.274 -10.344 -145.478 0.311 0.020 1.226 -1.000
1.682 4.008 -13.294 -147.510 0.333 0.020 1.302 -0.975
1.756 3.677 -16.544 -162.495 0.346 0.020 1.371 -0.950
1.821 3.288 -19.439 -144.753 0.349 0.020 1.433 -0.928
1.889 3.366 3.892 1166.557 0.352 0.020 1.496 -0.904
1.962 3.681 15.736 592.203 0.360 0.020 1.565 -0.879
2.043 4.014 16.667 46.581 0.373 0.020 1.640 -0.850
2.130 4.370 17.806 56.940 0.391 0.020 1.722 -0.818
2.225 4.753 19.153 67.360 0.415 0.020 1.809 -0.780
2.328 5.167 20.678 76.235 0.445 0.020 1.903 -0.737
2.441 5.613 22.291 80.657 0.483 0.020 2.003 -0.687
2.562 6.089 23.808 75.842 0.528 0.020 2.110 -0.628
2.694 6.587 24.905 54.847 0.582 0.020 2.222 -0.559
2.836 7.089 25.093 9.404 0.644 0.020 2.338 -0.477
2.987 7.564 23.757 -66.807 0.714 0.020 2.456 -0.382
3.147 7.970 20.322 -171.743 0.790 0.020 2.572 -0.274
3.312 8.262 14.562 -287.985 0.870 0.020 2.684 -0.152
3.480 8.400 6.907 -382.747 0.951 0.020 2.787 -0.019
3.647 8.369 -1.531 -421.920 1.030 0.020 2.879 0.121
3.811 8.182 -9.373 -392.098 1.103 0.020 2.958 0.264
3.968 7.870 -15.592 -310.971 1.169 0.020 3.024 0.407
4.118 7.463 -20.323 -236.550 1.224 0.020 3.078 0.546
4.257 6.988 -23.793 -173.474 1.268 0.020 3.123 0.679
4.387 6.462 -26.270 -123.880 1.300 0.020 3.159 0.803
4.504 5.888 -28.705 -121.728 1.320 0.020 3.189 0.916
4.609 5.250 -31.909 -160.208 1.326 0.020 3.215 1.018
4.712 5.109 -7.055 1242.723 1.329 0.020 3.240 1.117
4.818 5.326 10.866 896.058 1.336 0.020 3.265 1.221
4.928 5.480 7.691 -158.757 1.346 0.020 3.290 1.328
5.039 5.571 4.571 -156.016 1.358 0.020 3.314 1.436
5.151 5.609 1.888 -134.158 1.371 0.020 3.337 1.546
5.263 5.597 -0.608 -124.778 1.385 0.020 3.358 1.656
5.374 5.539 -2.877 -113.488 1.399 0.020 3.378 1.765
5.483 5.442 -4.893 -100.752 1.412 0.020 3.396 1.872
5.589 5.309 -6.636 -87.193 1.424 0.020 3.412 1.977
5.692 5.147 -8.102 -73.274 1.435 0.020 3.427 2.079
5.791 4.967 -9.000 -44.928 1.443 0.020 3.440 2.178
5.887 4.779 -9.383 -19.154 1.449 0.020 3.451 2.273
5.979 4.587 -9.596 -10.607 1.454 0.020 3.462 2.364
6.066 4.394 -9.667 -3.562 1.456 0.020 3.472 2.451
6.151 4.201 -9.623 2.194 1.456 0.020 3.482 2.534
6.231 4.012 -9.485 6.879 1.455 0.020 3.491 2.614
6.307 3.826 -9.271 10.696 1.451 0.020 3.500 2.690
6.380 3.646 -8.995 13.819 1.445 0.020 3.509 2.763
6.450 3.473 -8.667 16.382 1.438 0.020 3.518 2.831
6.516 3.307 -8.298 18.480 1.429 0.020 3.527 2.897
6.579 3.149 -7.894 20.173 1.419 0.020 3.536 2.959
6.639 3.000 -7.465 21.488 1.408 0.020 3.546 3.019
6.696 2.860 -7.016 22.434 1.395 0.020 3.555 3.075
6.751 2.728 -6.556 23.004 1.382 0.020 3.565 3.129
6.803 2.607 -6.092 23.189 1.368 0.020 3.575 3.180
6.853 2.494 -5.632 22.981 1.354 0.020 3.586 3.228
6.900 2.390 -5.185 22.385 1.339 0.020 3.596 3.275
6.946 2.295 -4.756 21.419 1.324 0.020 3.607 3.320
6.990 2.208 -4.354 20.116 1.309 0.020 3.618 3.362
7.033 2.128 -3.984 18.521 1.295 0.020 3.630 3.403
7.074 2.055 -3.650 16.695 1.280 0.020 3.641 3.443
7.114 1.988 -3.356 14.703 1.267 0.020 3.653 3.481
7.152 1.926 -3.103 12.611 1.253 0.020 3.665 3.518
7.190 1.868 -2.894 10.483 1.241 0.020 3.677 3.553
7.226 1.814 -2.726 8.380 1.229 0.020 3.688 3.587
7.261 1.762 -2.599 6.348 1.218 0.020 3.700 3.620
7.295 1.712 -2.511 4.428 1.207 0.020 3.712 3.652
7.329 1.662 -2.458 2.648 1.198 0.020 3.724 3.684
7.361 1.614 -2.437 1.026 1.189 0.020 3.736 3.714
7.392 1.565 -2.446 -0.428 1.181 0.020 3.748 3.742
7.423 1.515 -2.480 -1.711 1.174 0.020 3.760 3.770
7.452 1.464 -2.536 -2.825 1.167 0.020 3.771 3.797
7.480 1.412 -2.612 -3.776 1.162 0.020 3.782 3.823
7.507 1.358 -2.703 -4.572 1.157 0.020 3.793 3.848
7.533 1.302 -2.808 -5.221 1.152 0.020 3.804 3.872
7.558 1.244 -2.922 -5.733 1.149 0.020 3.814 3.895
7.582 1.183 -3.045 -6.115 1.146 0.020 3.824 3.916
7.604 1.119 -3.172 -6.377 1.143 0.020 3.833 3.937
7.625 1.053 -3.303 -6.525 1.141 0.020 3.842 3.956
7.645 0.984 -3.434 -6.564 1.139 0.020 3.850 3.974
7.663 0.913 -3.564 -6.502 1.138 0.020 3.858 3.990
7.680 0.839 -3.691 -6.342 1.137 0.020 3.865 4.006
7.695 0.763 -3.813 -6.091 1.136 0.020 3.871 4.019
7.709 0.685 -3.928 -5.754 1.135 0.020 3.877 4.032
7.721 0.604 -4.035 -5.336 1.135 0.020 3.882 4.043
7.732 0.521 -4.131 -4.843 1.135 0.020 3.886 4.052
7.740 0.437 -4.217 -4.283 1.135 0.020 3.890 4.060
7.747 0.351 -4.287 -3.481 1.135 0.020 3.893 4.067
7.753 0.270 -4.066 11.034 1.134 0.020 3.895 4.071
7.757 0.199 -3.555 25.576 1.134 0.020 3.897 4.075
7.759 0.138 -3.026 26.403 1.134 0.020 3.898 4.078
7.761 0.089 -2.486 27.008 1.134 0.020 3.899 4.079
7.762 0.050 -1.938 27.419 1.134 0.020 3.899 4.080
7.763 0.022 -1.384 27.672 1.134 0.020 3.899 4.080
7.763 0.005 -0.828 27.805 1.134 0.020 3.899 4.081
7.763 0.000 -0.275 27.672 1.134 0.020 3.899 4.081
