LeftSecondCubeToScalePath
112
0.000 0.011 0.559 27.926 5.934 0.020 0.340 0.933
0.001 0.022 0.558 -0.006 5.934 0.020 0.340 0.932
0.002 0.050 1.396 41.857 5.934 0.020 0.341 0.932
0.003 0.089 1.952 27.825 5.934 0.020 0.343 0.931
0.006 0.139 2.506 27.695 5.934 0.020 0.345 0.931
0.010 0.201 3.056 27.481 5.934 0.020 0.349 0.929
0.016 0.272 3.599 27.166 5.934 0.020 0.354 0.927
0.023 0.355 4.133 26.730 5.934 0.020 0.361 0.925
0.032 0.443 4.380 12.341 5.934 0.020 0.369 0.922
0.042 0.530 4.341 -1.949 5.934 0.020 0.379 0.918
0.054 0.616 4.295 -2.314 5.935 0.020 0.391 0.914
0.068 0.700 4.242 -2.666 5.935 0.020 0.404 0.909
0.084 0.784 4.182 -3.007 5.935 0.020 0.419 0.904
0.101 0.866 4.115 -3.335 5.936 0.020 0.435 0.898
0.120 0.947 4.042 -3.652 5.937 0.020 0.453 0.892
0.141 1.026 3.963 -3.959 5.938 0.020 0.472 0.885
0.163 1.104 3.877 -4.258 5.939 0.020 0.493 0.877
0.187 1.180 3.786 -4.552 5.940 0.020 0.515 0.869
0.212 1.253 3.690 -4.845 5.942 0.020 0.539 0.861
0.238 1.325 3.587 -5.138 5.944 0.020 0.564 0.852
0.266 1.395 3.478 -5.437 5.947 0.020 0.590 0.843
0.295 1.462 3.363 -5.746 5.949 0.020 0.617 0.833
0.326 1.527 3.242 -6.070 5.953 0.020 0.646 0.823
0.358 1.589 3.113 -6.411 5.957 0.020 0.676 0.813
0.391 1.649 2.978 -6.776 5.961 0.020 0.708 0.802
0.425 1.705 2.835 -7.167 5.967 0.020 0.740 0.792
0.460 1.759 2.683 -7.589 5.973 0.020 0.774 0.781
0.496 1.809 2.522 -8.042 5.979 0.020 0.808 0.770
0.533 1.856 2.351 -8.529 5.987 0.020 0.843 0.759
0.571 1.900 2.171 -9.046 5.996 0.020 0.880 0.748
0.610 1.939 1.979 -9.590 6.005 0.020 0.917 0.737
0.649 1.975 1.776 -10.153 6.016 0.020 0.955 0.726
0.690 2.006 1.561 -10.719 6.028 0.020 0.994 0.716
0.730 2.033 1.336 -11.267 6.041 0.020 1.033 0.706
0.771 2.055 1.101 -11.766 6.055 0.020 1.073 0.696
0.813 2.072 0.857 -12.173 6.071 0.020 1.114 0.687
0.855 2.084 0.609 -12.430 6.088 0.020 1.155 0.679
0.896 2.091 0.359 -12.461 6.107 0.020 1.196 0.671
0.938 2.094 0.116 -12.170 6.128 0.020 1.237 0.664
0.980 2.091 -0.113 -11.438 6.151 0.020 1.278 0.658
1.022 2.085 -0.315 -10.128 6.176 0.020 1.320 0.653
1.063 2.076 -0.477 -8.086 6.202 0.020 1.361 0.649
1.105 2.064 -0.580 -5.158 6.231 0.020 1.402 0.647
1.146 2.052 -0.604 -1.204 6.261 0.020 1.443 0.645
1.186 2.041 -0.527 3.867 0.011 0.020 1.484 0.645
1.227 2.035 -0.326 10.059 0.046 0.020 1.525 0.646
1.268 2.035 0.019 17.248 0.082 0.020 1.565 0.649
1.309 2.046 0.522 25.146 0.120 0.020 1.606 0.653
1.350 2.067 1.044 26.119 0.159 0.020 1.647 0.659
1.392 2.098 1.577 26.646 0.199 0.020 1.688 0.666
1.435 2.143 2.223 32.279 0.240 0.020 1.730 0.675
1.479 2.201 2.919 34.798 0.280 0.020 1.773 0.687
1.524 2.273 3.596 33.839 0.320 0.020 1.816 0.700
1.571 2.357 4.186 29.517 0.358 0.020 1.861 0.716
1.620 2.449 4.634 22.392 0.395 0.020 1.906 0.734
1.671 2.544 4.759 6.239 0.430 0.020 1.953 0.754
1.724 2.638 4.660 -4.919 0.463 0.020 2.000 0.777
1.779 2.727 4.490 -8.508 0.494 0.020 2.049 0.802
1.835 2.810 4.134 -17.824 0.522 0.020 2.098 0.830
1.893 2.882 3.616 -25.857 0.548 0.020 2.147 0.859
1.951 2.942 2.968 -32.417 0.571 0.020 2.197 0.890
2.011 2.986 2.218 -37.505 0.592 0.020 2.247 0.923
2.071 3.014 1.393 -41.246 0.611 0.020 2.297 0.957
2.132 3.028 0.703 -34.510 0.627 0.020 2.346 0.992
2.193 3.033 0.225 -23.873 0.642 0.020 2.395 1.028
2.253 3.029 -0.198 -21.153 0.655 0.020 2.443 1.065
2.313 3.017 -0.596 -19.916 0.667 0.020 2.491 1.102
2.373 2.997 -0.968 -18.584 0.677 0.020 2.538 1.139
2.433 2.971 -1.312 -17.232 0.686 0.020 2.584 1.177
2.492 2.939 -1.630 -15.908 0.693 0.020 2.629 1.214
2.550 2.900 -1.923 -14.643 0.700 0.020 2.674 1.251
2.607 2.856 -2.192 -13.450 0.706 0.020 2.717 1.288
2.663 2.807 -2.439 -12.335 0.711 0.020 2.760 1.325
2.718 2.754 -2.665 -11.298 0.715 0.020 2.802 1.361
2.772 2.697 -2.872 -10.337 0.719 0.020 2.842 1.396
2.825 2.635 -3.061 -9.445 0.722 0.020 2.882 1.431
2.876 2.571 -3.233 -8.617 0.724 0.020 2.920 1.465
2.926 2.503 -3.390 -7.847 0.726 0.020 2.958 1.498
2.975 2.432 -3.532 -7.129 0.728 0.020 2.994 1.531
3.022 2.359 -3.662 -6.458 0.729 0.020 3.030 1.562
3.068 2.284 -3.778 -5.829 0.730 0.020 3.064 1.592
3.112 2.206 -3.883 -5.240 0.731 0.020 3.096 1.622
3.154 2.126 -3.977 -4.686 0.732 0.020 3.128 1.650
3.195 2.045 -4.060 -4.167 0.732 0.020 3.158 1.678
3.234 1.963 -4.134 -3.681 0.733 0.020 3.188 1.704
3.272 1.879 -4.198 -3.226 0.733 0.020 3.216 1.729
3.308 1.793 -4.254 -2.802 0.733 0.020 3.242 1.753
3.342 1.707 -4.302 -2.409 0.733 0.020 3.268 1.776
3.374 1.621 -4.343 -2.046 0.733 0.020 3.292 1.798
3.405 1.533 -4.378 -1.713 0.733 0.020 3.314 1.818
3.434 1.445 -4.406 -1.410 0.733 0.020 3.336 1.837
3.461 1.356 -4.428 -1.137 0.733 0.020 3.356 1.856
3.486 1.267 -4.446 -0.893 0.733 0.020 3.375 1.873
3.510 1.178 -4.460 -0.679 0.733 0.020 3.392 1.888
3.532 1.089 -4.470 -0.493 0.733 0.020 3.409 1.903
3.552 0.999 -4.476 -0.335 0.733 0.020 3.423 1.916
3.570 0.910 -4.481 -0.203 0.733 0.020 3.437 1.928
3.586 0.820 -4.482 -0.097 0.733 0.020 3.449 1.939
3.601 0.730 -4.483 -0.014 0.733 0.020 3.460 1.949
3.614 0.641 -4.482 0.047 0.733 0.020 3.470 1.958
3.625 0.551 -4.480 0.088 0.733 0.020 3.478 1.965
3.634 0.462 -4.478 0.111 0.733 0.020 3.485 1.971
3.641 0.372 -4.475 0.119 0.733 0.020 3.490 1.976
3.647 0.287 -4.239 11.832 0.733 0.020 3.494 1.980
3.651 0.213 -3.723 25.776 0.733 0.020 3.498 1.983
3.654 0.150 -3.163 27.994 0.733 0.020 3.500 1.985
3.656 0.097 -2.604 27.968 0.733 0.020 3.501 1.986
3.658 0.057 -2.045 27.949 0.733 0.020 3.502 1.987
3.658 0.027 -1.486 27.937 0.733 0.020 3.502 1.987
3.658 0.008 -0.928 27.930 0.733 0.020 3.503 1.988
3.658 0.001 -0.369 27.927 0.733 0.020 3.503 1.988
3.658 0.000 -0.045 16.211 0.733 0.020 3.503 1.988
0.000 0.011 0.559 27.926 5.934 0.020 -0.339 -0.933
0.001 0.022 0.559 0.006 5.934 0.020 -0.339 -0.933
0.002 0.050 1.397 41.922 5.934 0.020 -0.338 -0.933
0.003 0.089 1.958 28.027 5.934 0.020 -0.336 -0.934
0.006 0.140 2.521 28.158 5.934 0.020 -0.334 -0.935
0.010 0.202 3.088 28.372 5.934 0.020 -0.330 -0.936
0.016 0.275 3.662 28.687 5.934 0.020 -0.325 -0.938
0.023 0.360 4.244 29.123 5.934 0.020 -0.318 -0.940
0.032 0.451 4.556 15.585 5.934 0.020 -0.309 -0.944
0.043 0.543 4.595 1.949 5.934 0.020 -0.299 -0.947
0.055 0.636 4.641 2.314 5.935 0.020 -0.287 -0.952
0.070 0.729 4.695 2.666 5.935 0.020 -0.274 -0.957
0.087 0.825 4.755 3.007 5.935 0.020 -0.258 -0.962
0.105 0.921 4.822 3.335 5.936 0.020 -0.241 -0.968
0.125 1.019 4.895 3.652 5.937 0.020 -0.222 -0.975
0.148 1.118 4.974 3.959 5.938 0.020 -0.201 -0.983
0.172 1.220 5.059 4.258 5.939 0.020 -0.178 -0.991
0.199 1.323 5.150 4.552 5.940 0.020 -0.153 -1.000
0.227 1.428 5.247 4.844 5.942 0.020 -0.126 -1.010
0.258 1.534 5.350 5.138 5.944 0.020 -0.097 -1.020
0.291 1.644 5.458 5.437 5.947 0.020 -0.066 -1.031
0.326 1.755 5.573 5.746 5.949 0.020 -0.033 -1.042
0.363 1.869 5.695 6.069 5.953 0.020 0.003 -1.055
0.403 1.985 5.823 6.411 5.957 0.020 0.040 -1.067
0.445 2.105 5.958 6.775 5.961 0.020 0.080 -1.081
0.489 2.227 6.102 7.167 5.967 0.020 0.122 -1.095
0.537 2.352 6.254 7.588 5.973 0.020 0.167 -1.109
0.586 2.480 6.414 8.041 5.979 0.020 0.214 -1.124
0.638 2.612 6.585 8.527 5.987 0.020 0.264 -1.140
0.693 2.747 6.766 9.044 5.996 0.020 0.317 -1.156
0.751 2.886 6.958 9.588 6.005 0.020 0.372 -1.172
0.812 3.029 7.161 10.150 6.016 0.020 0.431 -1.188
0.875 3.177 7.375 10.715 6.028 0.020 0.492 -1.204
0.942 3.329 7.600 11.263 6.041 0.020 0.557 -1.221
1.011 3.486 7.835 11.761 6.055 0.020 0.624 -1.237
1.084 3.647 8.079 12.168 6.071 0.020 0.696 -1.253
1.161 3.814 8.327 12.424 6.088 0.020 0.770 -1.268
1.240 3.985 8.576 12.454 6.107 0.020 0.849 -1.283
1.324 4.162 8.819 12.161 6.128 0.020 0.931 -1.297
1.410 4.343 9.048 11.429 6.151 0.020 1.017 -1.309
1.501 4.528 9.250 10.117 6.176 0.020 1.107 -1.320
1.595 4.716 9.412 8.075 6.202 0.020 1.200 -1.329
1.693 4.906 9.515 5.146 6.231 0.020 1.298 -1.336
1.795 5.097 9.539 1.193 6.261 0.020 1.400 -1.339
1.901 5.286 9.461 -3.876 0.011 0.020 1.506 -1.340
2.011 5.471 9.260 -10.065 0.046 0.020 1.615 -1.337
2.124 5.650 8.915 -17.250 0.082 0.020 1.728 -1.330
2.240 5.818 8.412 -25.143 0.120 0.020 1.844 -1.318
2.359 5.965 7.331 -54.031 0.159 0.020 1.962 -1.301
2.481 6.078 5.682 -82.470 0.199 0.020 2.082 -1.280
2.604 6.157 3.920 -88.097 0.240 0.020 2.202 -1.253
2.728 6.199 2.108 -90.611 0.280 0.020 2.322 -1.221
2.852 6.205 0.315 -89.653 0.320 0.020 2.440 -1.184
2.975 6.177 -1.392 -85.334 0.358 0.020 2.557 -1.143
3.098 6.118 -2.956 -78.215 0.395 0.020 2.670 -1.098
3.218 6.025 -4.666 -85.498 0.430 0.020 2.781 -1.050
3.336 5.902 -6.153 -74.351 0.463 0.020 2.887 -0.999
3.452 5.760 -7.100 -47.344 0.494 0.020 2.989 -0.946
3.564 5.602 -7.861 -38.034 0.522 0.020 3.087 -0.891
3.672 5.433 -8.461 -30.006 0.548 0.020 3.181 -0.836
3.777 5.255 -8.930 -23.449 0.571 0.020 3.270 -0.780
3.879 5.069 -9.297 -18.362 0.592 0.020 3.355 -0.724
3.976 4.877 -9.590 -14.622 0.611 0.020 3.435 -0.669
4.070 4.686 -9.548 2.074 0.627 0.020 3.511 -0.615
4.160 4.503 -9.161 19.364 0.642 0.020 3.584 -0.561
4.247 4.328 -8.738 21.142 0.655 0.020 3.653 -0.509
4.330 4.161 -8.340 19.907 0.667 0.020 3.719 -0.458
4.410 4.002 -7.968 18.576 0.677 0.020 3.781 -0.408
4.487 3.849 -7.624 17.226 0.686 0.020 3.841 -0.360
4.561 3.703 -7.306 15.904 0.693 0.020 3.898 -0.312
4.632 3.563 -7.013 14.639 0.700 0.020 3.953 -0.267
4.701 3.428 -6.744 13.447 0.706 0.020 4.005 -0.222
4.767 3.298 -6.497 12.333 0.711 0.020 4.055 -0.179
4.830 3.173 -6.271 11.296 0.715 0.020 4.103 -0.138
4.891 3.051 -6.065 10.335 0.719 0.020 4.149 -0.098
4.950 2.934 -5.876 9.444 0.722 0.020 4.193 -0.059
5.006 2.820 -5.703 8.616 0.724 0.020 4.236 -0.022
5.060 2.709 -5.547 7.846 0.726 0.020 4.276 0.014
5.112 2.601 -5.404 7.128 0.728 0.020 4.315 0.049
5.162 2.495 -5.275 6.457 0.729 0.020 4.352 0.082
5.210 2.392 -5.158 5.829 0.730 0.020 4.388 0.114
5.256 2.291 -5.053 5.239 0.731 0.020 4.422 0.144
5.300 2.192 -4.960 4.686 0.732 0.020 4.455 0.174
5.342 2.094 -4.876 4.167 0.732 0.020 4.486 0.202
5.382 1.998 -4.803 3.681 0.733 0.020 4.515 0.228
5.420 1.904 -4.738 3.226 0.733 0.020 4.544 0.254
5.456 1.810 -4.682 2.802 0.733 0.020 4.571 0.278
5.490 1.717 -4.634 2.409 0.733 0.020 4.596 0.301
5.523 1.625 -4.593 2.046 0.733 0.020 4.620 0.323
5.554 1.534 -4.559 1.713 0.733 0.020 4.643 0.343
5.582 1.444 -4.531 1.410 0.733 0.020 4.665 0.363
5.609 1.353 -4.508 1.137 0.733 0.020 4.685 0.381
5.635 1.264 -4.490 0.893 0.733 0.020 4.703 0.398
5.658 1.174 -4.477 0.679 0.733 0.020 4.721 0.414
5.680 1.085 -4.467 0.493 0.733 0.020 4.737 0.428
5.700 0.996 -4.460 0.335 0.733 0.020 4.752 0.441
5.718 0.906 -4.456 0.203 0.733 0.020 4.765 0.453
5.734 0.817 -4.454 0.097 0.733 0.020 4.777 0.464
5.749 0.728 -4.454 0.014 0.733 0.020 4.788 0.474
5.762 0.639 -4.455 -0.047 0.733 0.020 4.798 0.483
5.773 0.550 -4.456 -0.088 0.733 0.020 4.806 0.490
5.782 0.461 -4.459 -0.111 0.733 0.020 4.813 0.496
5.789 0.372 -4.461 -0.119 0.733 0.020 4.818 0.501
5.795 0.287 -4.229 11.599 0.733 0.020 4.823 0.505
5.799 0.213 -3.717 25.581 0.733 0.020 4.826 0.508
5.802 0.149 -3.160 27.859 0.733 0.020 4.828 0.510
5.804 0.097 -2.603 27.884 0.733 0.020 4.829 0.511
5.805 0.057 -2.044 27.903 0.733 0.020 4.830 0.512
5.806 0.027 -1.486 27.916 0.733 0.020 4.831 0.512
5.806 0.008 -0.928 27.923 0.733 0.020 4.831 0.512
5.806 0.001 -0.369 27.926 0.733 0.020 4.831 0.512
5.806 0.000 -0.045 16.211 0.733 0.020 4.831 0.512
