NearScalePath
209
0.000 0.012 0.597 29.851 0.000 0.020 0.000 0.992
0.001 0.024 0.597 0.000 0.000 0.020 0.001 0.992
0.002 0.054 1.493 44.776 0.000 0.020 0.002 0.992
0.004 0.096 2.090 29.851 0.000 0.020 0.004 0.992
0.007 0.149 2.687 29.851 0.000 0.020 0.007 0.992
0.011 0.215 3.284 29.851 0.000 0.020 0.011 0.992
0.017 0.293 3.881 29.851 0.000 0.020 0.017 0.992
0.024 0.382 4.478 29.851 0.000 0.020 0.024 0.992
0.034 0.484 5.075 29.851 0.000 0.020 0.034 0.992
0.046 0.597 5.672 29.851 0.000 0.020 0.046 0.992
0.060 0.716 5.970 14.925 0.000 0.020 0.060 0.992
0.077 0.836 5.970 -0.000 0.000 0.020 0.077 0.992
0.096 0.955 5.970 -0.000 0.000 0.020 0.096 0.992
0.118 1.075 5.970 0.000 0.000 0.020 0.118 0.992
0.141 1.194 5.970 -0.000 0.000 0.020 0.141 0.992
0.168 1.313 5.970 0.000 0.000 0.020 0.168 0.992
0.196 1.433 5.970 -0.000 0.000 0.020 0.196 0.992
0.227 1.552 5.970 0.000 0.000 0.020 0.227 0.992
0.261 1.672 5.970 -0.000 0.000 0.020 0.261 0.992
0.297 1.791 5.970 -0.000 0.000 0.020 0.297 0.992
0.335 1.910 5.970 0.000 0.000 0.020 0.335 0.992
0.376 2.030 5.970 -0.000 0.000 0.020 0.376 0.992
0.419 2.149 5.970 -0.000 0.000 0.020 0.419 0.992
0.464 2.269 5.970 0.000 0.000 0.020 0.464 0.992
0.512 2.388 5.970 0.000 0.000 0.020 0.512 0.992
0.562 2.507 5.970 -0.000 0.000 0.020 0.562 0.992
0.614 2.627 5.970 -0.000 0.000 0.020 0.614 0.992
0.669 2.746 5.970 0.000 0.000 0.020 0.669 0.992
0.727 2.866 5.970 -0.000 0.000 0.020 0.727 0.992
0.786 2.985 5.970 0.000 0.000 0.020 0.786 0.992
0.848 3.104 5.970 0.000 0.000 0.020 0.848 0.992
0.913 3.224 5.970 -0.000 0.000 0.020 0.913 0.992
0.980 3.343 5.970 -0.000 0.000 0.020 0.980 0.992
1.049 3.463 5.970 0.000 0.000 0.020 1.049 0.992
1.121 3.582 5.970 -0.000 0.000 0.020 1.121 0.992
1.195 3.701 5.970 0.000 0.000 0.020 1.195 0.992
1.271 3.821 5.970 -0.000 0.000 0.020 1.271 0.992
1.350 3.940 5.970 0.000 0.000 0.020 1.350 0.992
1.431 4.060 5.970 0.000 0.000 0.020 1.431 0.992
1.515 4.179 5.970 -0.000 0.000 0.020 1.515 0.992
1.601 4.299 5.970 -0.000 0.000 0.020 1.601 0.992
1.689 4.418 5.970 0.000 0.000 0.020 1.689 0.992
1.780 4.537 5.970 0.000 0.000 0.020 1.780 0.992
1.873 4.657 5.970 -0.000 0.000 0.020 1.873 0.992
1.968 4.776 5.970 0.000 0.000 0.020 1.968 0.992
2.066 4.896 5.970 0.000 0.000 0.020 2.066 0.992
2.167 5.015 5.970 -0.000 0.000 0.020 2.167 0.992
2.269 5.134 5.970 0.000 0.000 0.020 2.269 0.992
2.374 5.254 5.970 -0.000 0.000 0.020 2.374 0.992
2.482 5.373 5.970 0.000 0.000 0.020 2.482 0.992
2.592 5.493 5.970 -0.000 0.000 0.020 2.592 0.992
2.704 5.612 5.970 0.000 0.000 0.020 2.704 0.992
2.819 5.731 5.970 -0.000 0.000 0.020 2.819 0.992
2.936 5.851 5.970 0.000 0.000 0.020 2.936 0.992
3.055 5.970 5.970 0.000 0.000 0.020 3.055 0.992
3.177 6.090 5.970 0.000 0.000 0.020 3.177 0.992
3.301 6.209 5.970 0.000 0.000 0.020 3.301 0.992
3.427 6.328 5.970 0.000 0.000 0.020 3.427 0.992
3.556 6.448 5.970 -0.000 0.000 0.020 3.556 0.992
3.688 6.567 5.970 0.000 0.000 0.020 3.688 0.992
3.821 6.687 5.970 -0.000 0.000 0.020 3.821 0.992
3.958 6.806 5.970 0.000 0.000 0.020 3.958 0.992
4.096 6.925 5.970 -0.000 0.000 0.020 4.096 0.992
4.237 7.045 5.970 0.000 0.000 0.020 4.237 0.992
4.380 7.164 5.970 -0.000 0.000 0.020 4.380 0.992
4.526 7.284 5.970 0.000 0.000 0.020 4.526 0.992
4.674 7.403 5.970 -0.000 0.000 0.020 4.674 0.992
4.824 7.516 5.672 -14.925 0.000 0.020 4.824 0.992
4.977 7.618 5.075 -29.851 0.000 0.020 4.977 0.992
5.131 7.707 4.478 -29.851 0.000 0.020 5.131 0.992
5.287 7.785 3.881 -29.851 0.000 0.020 5.287 0.992
5.444 7.851 3.284 -29.851 0.000 0.020 5.444 0.992
5.602 7.904 2.687 -29.851 0.000 0.020 5.602 0.992
5.761 7.946 2.090 -29.851 0.000 0.020 5.761 0.992
5.920 7.976 1.493 -29.851 0.000 0.020 5.920 0.992
6.080 7.994 0.896 -29.851 0.000 0.020 6.080 0.992
6.240 8.000 0.299 -29.851 0.000 0.020 6.240 0.992
6.400 8.000 0.000 -14.925 0.000 0.020 6.400 0.992
6.560 8.000 -0.000 -0.000 0.000 0.020 6.560 0.992
6.720 8.000 -0.000 0.000 0.000 0.020 6.720 0.992
6.880 8.000 0.000 0.000 0.000 0.020 6.880 0.992
7.040 8.000 0.000 0.000 0.000 0.020 7.040 0.992
7.200 8.000 -0.000 -0.000 0.000 0.020 7.200 0.992
7.360 8.000 0.000 0.000 0.000 0.020 7.360 0.992
7.520 8.000 -0.000 -0.000 0.000 0.020 7.520 0.992
7.680 8.000 0.000 0.000 0.000 0.020 7.680 0.992
7.840 8.000 0.000 0.000 0.000 0.020 7.840 0.992
8.000 8.000 -0.000 -0.000 0.000 0.020 8.000 0.992
8.160 8.000 0.000 0.000 0.000 0.020 8.160 0.992
8.320 8.000 -0.000 -0.000 0.000 0.020 8.320 0.992
8.480 8.000 0.000 0.000 0.000 0.020 8.480 0.992
8.640 8.000 0.000 -0.000 0.000 0.020 8.640 0.992
8.800 8.000 0.000 0.000 0.000 0.020 8.800 0.992
8.960 8.000 0.000 0.000 0.000 0.020 8.960 0.992
9.120 8.000 0.000 0.000 0.000 0.020 9.120 0.992
9.280 8.000 0.000 0.000 0.000 0.020 9.280 0.992
9.440 8.000 0.000 0.000 0.000 0.020 9.440 0.992
9.600 8.000 0.000 0.000 0.000 0.020 9.600 0.992
9.760 8.000 -0.000 -0.000 0.000 0.020 9.760 0.992
9.920 8.000 0.000 0.000 0.000 0.020 9.920 0.992
10.080 8.000 -0.000 -0.000 0.000 0.020 10.080 0.992
10.240 8.000 0.000 0.000 0.000 0.020 10.240 0.992
10.400 8.000 0.000 -0.000 0.000 0.020 10.400 0.992
10.560 8.000 0.000 0.000 0.000 0.020 10.560 0.992
10.720 8.000 -0.000 -0.000 0.000 0.020 10.720 0.992
10.880 8.000 0.000 0.000 0.000 0.020 10.880 0.992
11.040 8.000 0.000 -0.000 0.000 0.020 11.040 0.992
11.200 8.000 -0.000 -0.000 0.000 0.020 11.200 0.992
11.360 8.000 0.000 0.000 0.000 0.020 11.360 0.992
11.520 8.000 -0.000 -0.000 0.000 0.020 11.520 0.992
11.680 8.000 0.000 0.000 0.000 0.020 11.680 0.992
11.840 8.000 0.000 0.000 0.000 0.020 11.840 0.992
12.000 8.000 0.000 0.000 0.000 0.020 12.000 0.992
12.160 7.986 -0.681 -34.057 0.000 0.020 12.160 0.992
12.317 7.887 -4.948 -213.364 0.003 0.020 12.317 0.993
12.473 7.781 -5.306 -17.883 0.007 0.020 12.473 0.993
12.627 7.684 -4.876 21.486 0.013 0.020 12.627 0.995
12.779 7.594 -4.477 19.970 0.022 0.020 12.779 0.998
12.929 7.512 -4.099 18.919 0.031 0.020 12.929 1.001
13.078 7.438 -3.733 18.266 0.043 0.020 13.077 1.007
13.225 7.370 -3.374 17.942 0.055 0.020 13.225 1.014
13.371 7.310 -3.017 17.879 0.069 0.020 13.371 1.023
13.516 7.257 -2.657 18.004 0.084 0.020 13.515 1.034
13.661 7.211 -2.292 18.246 0.100 0.020 13.659 1.048
13.804 7.172 -1.921 18.533 0.117 0.020 13.802 1.063
13.947 7.141 -1.545 18.797 0.134 0.020 13.943 1.081
14.089 7.118 -1.166 18.976 0.152 0.020 14.084 1.101
14.231 7.102 -0.785 19.016 0.170 0.020 14.224 1.124
14.373 7.094 -0.408 18.874 0.188 0.020 14.364 1.149
14.515 7.094 -0.037 18.523 0.206 0.020 14.503 1.177
14.657 7.100 0.321 17.947 0.225 0.020 14.642 1.208
14.799 7.113 0.658 16.805 0.242 0.020 14.780 1.240
14.942 7.127 0.707 2.468 0.260 0.020 14.918 1.276
15.085 7.137 0.468 -11.966 0.277 0.020 15.056 1.314
15.227 7.140 0.191 -13.850 0.293 0.020 15.193 1.354
15.370 7.138 -0.129 -15.989 0.308 0.020 15.329 1.396
15.513 7.128 -0.495 -18.291 0.323 0.020 15.465 1.440
15.655 7.110 -0.908 -20.668 0.337 0.020 15.599 1.487
15.797 7.082 -1.369 -23.039 0.349 0.020 15.733 1.534
15.937 7.045 -1.876 -25.338 0.361 0.020 15.865 1.583
16.077 6.996 -2.426 -27.510 0.371 0.020 15.995 1.633
16.216 6.936 -3.009 -29.154 0.380 0.020 16.125 1.684
16.353 6.869 -3.346 -16.836 0.389 0.020 16.252 1.736
16.489 6.801 -3.431 -4.231 0.396 0.020 16.378 1.788
16.624 6.730 -3.529 -4.934 0.402 0.020 16.502 1.840
16.757 6.657 -3.639 -5.480 0.408 0.020 16.624 1.892
16.889 6.582 -3.757 -5.892 0.412 0.020 16.745 1.945
17.019 6.505 -3.880 -6.191 0.416 0.020 16.864 1.997
17.147 6.424 -4.008 -6.395 0.418 0.020 16.981 2.049
17.274 6.342 -4.139 -6.522 0.421 0.020 17.097 2.101
17.399 6.256 -4.270 -6.583 0.422 0.020 17.211 2.152
17.523 6.168 -4.402 -6.590 0.423 0.020 17.324 2.203
17.644 6.077 -4.533 -6.551 0.423 0.020 17.435 2.253
17.764 5.984 -4.663 -6.473 0.423 0.020 17.544 2.302
17.882 5.888 -4.790 -6.362 0.422 0.020 17.651 2.350
17.998 5.790 -4.914 -6.221 0.420 0.020 17.757 2.397
18.111 5.689 -5.035 -6.055 0.419 0.020 17.861 2.444
18.223 5.586 -5.153 -5.866 0.417 0.020 17.963 2.489
18.333 5.481 -5.266 -5.656 0.415 0.020 18.063 2.533
18.440 5.374 -5.374 -5.427 0.412 0.020 18.162 2.576
18.545 5.264 -5.478 -5.181 0.409 0.020 18.258 2.618
18.649 5.152 -5.576 -4.919 0.407 0.020 18.353 2.659
18.749 5.039 -5.669 -4.645 0.404 0.020 18.445 2.699
18.848 4.924 -5.756 -4.358 0.401 0.020 18.536 2.738
18.944 4.807 -5.838 -4.063 0.398 0.020 18.625 2.775
19.038 4.689 -5.913 -3.759 0.394 0.020 18.711 2.811
19.129 4.569 -5.982 -3.451 0.391 0.020 18.796 2.846
19.218 4.448 -6.045 -3.139 0.388 0.020 18.878 2.880
19.305 4.326 -6.101 -2.826 0.385 0.020 18.958 2.913
19.389 4.203 -6.152 -2.514 0.382 0.020 19.036 2.944
19.470 4.079 -6.196 -2.206 0.379 0.020 19.112 2.974
19.549 3.955 -6.234 -1.903 0.377 0.020 19.185 3.004
19.626 3.829 -6.266 -1.608 0.374 0.020 19.256 3.032
19.700 3.704 -6.292 -1.322 0.371 0.020 19.325 3.059
19.772 3.577 -6.313 -1.047 0.369 0.020 19.392 3.084
19.841 3.451 -6.329 -0.784 0.367 0.020 19.457 3.109
19.907 3.324 -6.340 -0.535 0.365 0.020 19.519 3.133
19.971 3.197 -6.346 -0.302 0.363 0.020 19.578 3.156
20.032 3.070 -6.347 -0.084 0.361 0.020 19.636 3.178
20.091 2.943 -6.345 0.116 0.359 0.020 19.691 3.198
20.148 2.816 -6.339 0.299 0.358 0.020 19.744 3.218
20.201 2.690 -6.330 0.464 0.357 0.020 19.794 3.237
20.253 2.563 -6.318 0.611 0.355 0.020 19.842 3.255
20.301 2.437 -6.303 0.738 0.354 0.020 19.888 3.272
20.348 2.312 -6.286 0.848 0.353 0.020 19.931 3.288
20.391 2.186 -6.267 0.939 0.353 0.020 19.972 3.303
20.433 2.061 -6.247 1.011 0.352 0.020 20.011 3.317
20.471 1.937 -6.225 1.066 0.351 0.020 20.047 3.330
20.508 1.813 -6.203 1.103 0.351 0.020 20.081 3.343
20.541 1.689 -6.181 1.123 0.350 0.020 20.113 3.355
20.573 1.566 -6.158 1.127 0.350 0.020 20.142 3.365
20.602 1.443 -6.136 1.115 0.350 0.020 20.170 3.375
20.628 1.321 -6.114 1.089 0.350 0.020 20.194 3.384
20.652 1.199 -6.093 1.049 0.349 0.020 20.217 3.392
20.673 1.078 -6.073 0.996 0.349 0.020 20.237 3.400
20.693 0.957 -6.055 0.931 0.349 0.020 20.255 3.406
20.709 0.836 -6.038 0.855 0.349 0.020 20.271 3.412
20.724 0.715 -6.022 0.769 0.349 0.020 20.284 3.417
20.736 0.595 -6.001 1.064 0.349 0.020 20.295 3.421
20.745 0.482 -5.683 15.908 0.349 0.020 20.305 3.424
20.753 0.380 -5.076 30.326 0.349 0.020 20.312 3.427
20.759 0.291 -4.473 30.188 0.349 0.020 20.317 3.429
20.763 0.213 -3.871 30.079 0.349 0.020 20.321 3.430
20.766 0.148 -3.271 29.996 0.349 0.020 20.324 3.431
20.768 0.094 -2.672 29.936 0.349 0.020 20.326 3.432
20.769 0.053 -2.075 29.895 0.349 0.020 20.327 3.432
20.769 0.023 -1.477 29.870 0.349 0.020 20.327 3.433
20.769 0.006 -0.880 29.857 0.349 0.020 20.327 3.433
20.769 0.000 -0.291 29.463 0.349 0.020 20.327 3.433
0.000 0.012 0.597 29.851 0.000 0.020 0.000 -0.992
0.001 0.024 0.597 0.000 0.000 0.020 0.001 -0.992
0.002 0.054 1.493 44.776 0.000 0.020 0.002 -0.992
0.004 0.096 2.090 29.851 0.000 0.020 0.004 -0.992
0.007 0.149 2.687 29.851 0.000 0.020 0.007 -0.992
0.011 0.215 3.284 29.851 0.000 0.020 0.011 -0.992
0.017 0.293 3.881 29.851 0.000 0.020 0.017 -0.992
0.024 0.382 4.478 29.851 0.000 0.020 0.024 -0.992
0.034 0.484 5.075 29.851 0.000 0.020 0.034 -0.992
0.046 0.597 5.672 29.851 0.000 0.020 0.046 -0.992
0.060 0.716 5.970 14.925 0.000 0.020 0.060 -0.992
0.077 0.836 5.970 -0.000 0.000 0.020 0.077 -0.992
0.096 0.955 5.970 -0.000 0.000 0.020 0.096 -0.992
0.118 1.075 5.970 0.000 0.000 0.020 0.118 -0.992
0.141 1.194 5.970 -0.000 0.000 0.020 0.141 -0.992
0.168 1.313 5.970 0.000 0.000 0.020 0.168 -0.992
0.196 1.433 5.970 -0.000 0.000 0.020 0.196 -0.992
0.227 1.552 5.970 0.000 0.000 0.020 0.227 -0.992
0.261 1.672 5.970 -0.000 0.000 0.020 0.261 -0.992
0.297 1.791 5.970 -0.000 0.000 0.020 0.297 -0.992
0.335 1.910 5.970 0.000 0.000 0.020 0.335 -0.992
0.376 2.030 5.970 -0.000 0.000 0.020 0.376 -0.992
0.419 2.149 5.970 -0.000 0.000 0.020 0.419 -0.992
0.464 2.269 5.970 0.000 0.000 0.020 0.464 -0.992
0.512 2.388 5.970 0.000 0.000 0.020 0.512 -0.992
0.562 2.507 5.970 -0.000 0.000 0.020 0.562 -0.992
0.614 2.627 5.970 -0.000 0.000 0.020 0.614 -0.992
0.669 2.746 5.970 0.000 0.000 0.020 0.669 -0.992
0.727 2.866 5.970 -0.000 0.000 0.020 0.727 -0.992
0.786 2.985 5.970 0.000 0.000 0.020 0.786 -0.992
0.848 3.104 5.970 0.000 0.000 0.020 0.848 -0.992
0.913 3.224 5.970 -0.000 0.000 0.020 0.913 -0.992
0.980 3.343 5.970 -0.000 0.000 0.020 0.980 -0.992
1.049 3.463 5.970 0.000 0.000 0.020 1.049 -0.992
1.121 3.582 5.970 -0.000 0.000 0.020 1.121 -0.992
1.195 3.701 5.970 0.000 0.000 0.020 1.195 -0.992
1.271 3.821 5.970 -0.000 0.000 0.020 1.271 -0.992
1.350 3.940 5.970 0.000 0.000 0.020 1.350 -0.992
1.431 4.060 5.970 0.000 0.000 0.020 1.431 -0.992
1.515 4.179 5.970 -0.000 0.000 0.020 1.515 -0.992
1.601 4.299 5.970 -0.000 0.000 0.020 1.601 -0.992
1.689 4.418 5.970 0.000 0.000 0.020 1.689 -0.992
1.780 4.537 5.970 0.000 0.000 0.020 1.780 -0.992
1.873 4.657 5.970 -0.000 0.000 0.020 1.873 -0.992
1.968 4.776 5.970 0.000 0.000 0.020 1.968 -0.992
2.066 4.896 5.970 0.000 0.000 0.020 2.066 -0.992
2.167 5.015 5.970 -0.000 0.000 0.020 2.167 -0.992
2.269 5.134 5.970 0.000 0.000 0.020 2.269 -0.992
2.374 5.254 5.970 -0.000 0.000 0.020 2.374 -0.992
2.482 5.373 5.970 0.000 0.000 0.020 2.482 -0.992
2.592 5.493 5.970 -0.000 0.000 0.020 2.592 -0.992
2.704 5.612 5.970 0.000 0.000 0.020 2.704 -0.992
2.819 5.731 5.970 -0.000 0.000 0.020 2.819 -0.992
2.936 5.851 5.970 0.000 0.000 0.020 2.936 -0.992
3.055 5.970 5.970 0.000 0.000 0.020 3.055 -0.992
3.177 6.090 5.970 0.000 0.000 0.020 3.177 -0.992
3.301 6.209 5.970 0.000 0.000 0.020 3.301 -0.992
3.427 6.328 5.970 0.000 0.000 0.020 3.427 -0.992
3.556 6.448 5.970 -0.000 0.000 0.020 3.556 -0.992
3.688 6.567 5.970 0.000 0.000 0.020 3.688 -0.992
3.821 6.687 5.970 -0.000 0.000 0.020 3.821 -0.992
3.958 6.806 5.970 0.000 0.000 0.020 3.958 -0.992
4.096 6.925 5.970 -0.000 0.000 0.020 4.096 -0.992
4.237 7.045 5.970 0.000 0.000 0.020 4.237 -0.992
4.380 7.164 5.970 -0.000 0.000 0.020 4.380 -0.992
4.526 7.284 5.970 0.000 0.000 0.020 4.526 -0.992
4.674 7.403 5.970 -0.000 0.000 0.020 4.674 -0.992
4.824 7.516 5.672 -14.925 0.000 0.020 4.824 -0.992
4.977 7.618 5.075 -29.851 0.000 0.020 4.977 -0.992
5.131 7.707 4.478 -29.851 0.000 0.020 5.131 -0.992
5.287 7.785 3.881 -29.851 0.000 0.020 5.287 -0.992
5.444 7.851 3.284 -29.851 0.000 0.020 5.444 -0.992
5.602 7.904 2.687 -29.851 0.000 0.020 5.602 -0.992
5.761 7.946 2.090 -29.851 0.000 0.020 5.761 -0.992
5.920 7.976 1.493 -29.851 0.000 0.020 5.920 -0.992
6.080 7.994 0.896 -29.851 0.000 0.020 6.080 -0.992
6.240 8.000 0.299 -29.851 0.000 0.020 6.240 -0.992
6.400 8.000 0.000 -14.925 0.000 0.020 6.400 -0.992
6.560 8.000 -0.000 -0.000 0.000 0.020 6.560 -0.992
6.720 8.000 -0.000 0.000 0.000 0.020 6.720 -0.992
6.880 8.000 0.000 0.000 0.000 0.020 6.880 -0.992
7.040 8.000 0.000 0.000 0.000 0.020 7.040 -0.992
7.200 8.000 -0.000 -0.000 0.000 0.020 7.200 -0.992
7.360 8.000 0.000 0.000 0.000 0.020 7.360 -0.992
7.520 8.000 -0.000 -0.000 0.000 0.020 7.520 -0.992
7.680 8.000 0.000 0.000 0.000 0.020 7.680 -0.992
7.840 8.000 0.000 0.000 0.000 0.020 7.840 -0.992
8.000 8.000 -0.000 -0.000 0.000 0.020 8.000 -0.992
8.160 8.000 0.000 0.000 0.000 0.020 8.160 -0.992
8.320 8.000 -0.000 -0.000 0.000 0.020 8.320 -0.992
8.480 8.000 0.000 0.000 0.000 0.020 8.480 -0.992
8.640 8.000 0.000 -0.000 0.000 0.020 8.640 -0.992
8.800 8.000 0.000 0.000 0.000 0.020 8.800 -0.992
8.960 8.000 0.000 0.000 0.000 0.020 8.960 -0.992
9.120 8.000 0.000 0.000 0.000 0.020 9.120 -0.992
9.280 8.000 0.000 0.000 0.000 0.020 9.280 -0.992
9.440 8.000 0.000 0.000 0.000 0.020 9.440 -0.992
9.600 8.000 0.000 0.000 0.000 0.020 9.600 -0.992
9.760 8.000 -0.000 -0.000 0.000 0.020 9.760 -0.992
9.920 8.000 0.000 0.000 0.000 0.020 9.920 -0.992
10.080 8.000 -0.000 -0.000 0.000 0.020 10.080 -0.992
10.240 8.000 0.000 0.000 0.000 0.020 10.240 -0.992
10.400 8.000 0.000 -0.000 0.000 0.020 10.400 -0.992
10.560 8.000 0.000 0.000 0.000 0.020 10.560 -0.992
10.720 8.000 -0.000 -0.000 0.000 0.020 10.720 -0.992
10.880 8.000 0.000 0.000 0.000 0.020 10.880 -0.992
11.040 8.000 0.000 -0.000 0.000 0.020 11.040 -0.992
11.200 8.000 -0.000 -0.000 0.000 0.020 11.200 -0.992
11.360 8.000 0.000 0.000 0.000 0.020 11.360 -0.992
11.520 8.000 -0.000 -0.000 0.000 0.020 11.520 -0.992
11.680 8.000 0.000 0.000 0.000 0.020 11.680 -0.992
11.840 8.000 0.000 0.000 0.000 0.020 11.840 -0.992
12.000 8.000 0.000 0.000 0.000 0.020 12.000 -0.992
12.160 8.014 0.681 34.057 0.000 0.020 12.160 -0.992
12.323 8.113 4.948 213.355 0.003 0.020 12.323 -0.992
12.487 8.219 5.306 17.868 0.007 0.020 12.487 -0.991
12.653 8.316 4.876 -21.498 0.013 0.020 12.653 -0.990
12.821 8.406 4.476 -19.978 0.022 0.020 12.821 -0.987
12.991 8.488 4.098 -18.924 0.031 0.020 12.991 -0.982
13.162 8.562 3.732 -18.269 0.043 0.020 13.162 -0.976
13.335 8.630 3.373 -17.944 0.055 0.020 13.335 -0.968
13.509 8.690 3.016 -17.878 0.069 0.020 13.508 -0.957
13.684 8.743 2.656 -18.002 0.084 0.020 13.682 -0.944
13.859 8.789 2.291 -18.242 0.100 0.020 13.857 -0.927
14.036 8.827 1.920 -18.527 0.117 0.020 14.033 -0.908
14.213 8.858 1.545 -18.790 0.134 0.020 14.209 -0.886
14.391 8.882 1.165 -18.968 0.152 0.020 14.384 -0.861
14.569 8.897 0.785 -19.007 0.170 0.020 14.560 -0.832
14.747 8.906 0.408 -18.865 0.188 0.020 14.735 -0.801
14.925 8.906 0.037 -18.514 0.206 0.020 14.910 -0.766
15.103 8.900 -0.321 -17.939 0.225 0.020 15.084 -0.728
15.281 8.886 -0.673 -17.574 0.242 0.020 15.257 -0.686
15.458 8.860 -1.335 -33.088 0.260 0.020 15.428 -0.642
15.634 8.814 -2.289 -47.727 0.277 0.020 15.598 -0.596
15.809 8.750 -3.206 -45.845 0.293 0.020 15.766 -0.546
15.982 8.668 -4.080 -43.708 0.308 0.020 15.932 -0.495
16.154 8.570 -4.908 -41.408 0.323 0.020 16.095 -0.442
16.323 8.456 -5.689 -39.033 0.337 0.020 16.255 -0.387
16.490 8.328 -6.422 -36.664 0.349 0.020 16.412 -0.331
16.653 8.186 -7.110 -34.366 0.361 0.020 16.565 -0.274
16.814 8.031 -7.753 -32.195 0.371 0.020 16.715 -0.217
16.971 7.864 -8.349 -29.775 0.380 0.020 16.862 -0.159
17.125 7.692 -8.594 -12.242 0.389 0.020 17.004 -0.101
17.275 7.521 -8.509 4.226 0.396 0.020 17.143 -0.044
17.422 7.353 -8.411 4.929 0.402 0.020 17.279 0.014
17.566 7.187 -8.301 5.476 0.408 0.020 17.411 0.070
17.707 7.024 -8.183 5.888 0.412 0.020 17.540 0.126
17.844 6.862 -8.060 6.187 0.416 0.020 17.665 0.181
17.978 6.704 -7.932 6.393 0.418 0.020 17.788 0.236
18.109 6.548 -7.801 6.520 0.421 0.020 17.907 0.289
18.237 6.394 -7.670 6.581 0.422 0.020 18.024 0.341
18.362 6.244 -7.538 6.588 0.423 0.020 18.138 0.392
18.484 6.095 -7.407 6.550 0.423 0.020 18.249 0.442
18.603 5.950 -7.278 6.472 0.423 0.020 18.358 0.491
18.719 5.807 -7.150 6.361 0.422 0.020 18.464 0.539
18.832 5.666 -7.026 6.221 0.420 0.020 18.567 0.585
18.943 5.528 -6.905 6.055 0.419 0.020 18.668 0.630
19.051 5.393 -6.788 5.866 0.417 0.020 18.767 0.674
19.156 5.259 -6.674 5.656 0.415 0.020 18.863 0.716
19.258 5.128 -6.566 5.427 0.412 0.020 18.957 0.758
19.358 4.998 -6.462 5.181 0.409 0.020 19.048 0.798
19.456 4.871 -6.364 4.919 0.407 0.020 19.138 0.836
19.551 4.746 -6.271 4.645 0.404 0.020 19.225 0.874
19.643 4.622 -6.184 4.359 0.401 0.020 19.310 0.910
19.733 4.500 -6.103 4.063 0.398 0.020 19.393 0.945
19.821 4.379 -6.027 3.759 0.394 0.020 19.474 0.979
19.906 4.260 -5.958 3.451 0.391 0.020 19.553 1.011
19.989 4.142 -5.896 3.139 0.388 0.020 19.629 1.043
20.069 4.026 -5.839 2.826 0.385 0.020 19.704 1.073
20.147 3.910 -5.789 2.514 0.382 0.020 19.776 1.102
20.223 3.795 -5.745 2.206 0.379 0.020 19.847 1.131
20.297 3.681 -5.707 1.903 0.377 0.020 19.915 1.158
20.368 3.567 -5.674 1.608 0.374 0.020 19.982 1.184
20.437 3.454 -5.648 1.322 0.371 0.020 20.046 1.209
20.504 3.342 -5.627 1.046 0.369 0.020 20.108 1.233
20.569 3.230 -5.611 0.784 0.367 0.020 20.168 1.256
20.631 3.118 -5.601 0.535 0.365 0.020 20.227 1.279
20.691 3.006 -5.595 0.302 0.363 0.020 20.283 1.300
20.749 2.894 -5.593 0.084 0.361 0.020 20.337 1.321
20.805 2.782 -5.595 -0.116 0.359 0.020 20.389 1.340
20.858 2.670 -5.601 -0.299 0.358 0.020 20.439 1.359
20.909 2.558 -5.611 -0.464 0.357 0.020 20.487 1.377
20.958 2.445 -5.623 -0.611 0.355 0.020 20.533 1.394
21.005 2.332 -5.638 -0.738 0.354 0.020 20.577 1.410
21.049 2.219 -5.655 -0.848 0.353 0.020 20.618 1.426
21.091 2.106 -5.673 -0.939 0.353 0.020 20.658 1.440
21.131 1.992 -5.693 -1.011 0.352 0.020 20.695 1.454
21.169 1.878 -5.715 -1.066 0.351 0.020 20.730 1.467
21.204 1.763 -5.737 -1.103 0.351 0.020 20.763 1.479
21.237 1.648 -5.759 -1.123 0.350 0.020 20.794 1.490
21.268 1.532 -5.782 -1.127 0.350 0.020 20.823 1.501
21.296 1.416 -5.804 -1.115 0.350 0.020 20.850 1.510
21.322 1.300 -5.826 -1.089 0.350 0.020 20.874 1.519
21.346 1.183 -5.847 -1.049 0.349 0.020 20.896 1.527
21.367 1.065 -5.867 -0.996 0.349 0.020 20.916 1.535
21.386 0.948 -5.885 -0.931 0.349 0.020 20.934 1.541
21.402 0.830 -5.903 -0.855 0.349 0.020 20.950 1.547
21.417 0.711 -5.918 -0.769 0.349 0.020 20.963 1.552
21.428 0.593 -5.924 -0.287 0.349 0.020 20.974 1.556
21.438 0.480 -5.629 14.720 0.349 0.020 20.983 1.559
21.446 0.379 -5.042 29.376 0.349 0.020 20.991 1.562
21.451 0.290 -4.451 29.513 0.349 0.020 20.996 1.564
21.456 0.213 -3.859 29.622 0.349 0.020 21.000 1.565
21.459 0.148 -3.265 29.705 0.349 0.020 21.003 1.566
21.461 0.094 -2.670 29.766 0.349 0.020 21.005 1.567
21.462 0.053 -2.073 29.807 0.349 0.020 21.006 1.567
21.462 0.023 -1.477 29.832 0.349 0.020 21.006 1.567
21.462 0.006 -0.880 29.845 0.349 0.020 21.006 1.567
21.462 0.000 -0.291 29.461 0.349 0.020 21.006 1.567
