RightFarScalePath
363
0.000 0.011 0.560 27.985 6.283 0.020 0.000 0.992
0.001 0.022 0.560 0.004 6.283 0.020 0.001 0.992
0.002 0.050 1.400 42.000 6.283 0.020 0.002 0.992
0.003 0.090 1.961 28.056 6.283 0.020 0.003 0.992
0.006 0.140 2.524 28.148 6.283 0.020 0.006 0.992
0.010 0.202 3.090 28.298 6.283 0.020 0.010 0.992
0.016 0.275 3.660 28.521 6.283 0.020 0.016 0.992
0.023 0.360 4.237 28.827 6.283 0.020 0.023 0.992
0.032 0.451 4.539 15.134 6.283 0.020 0.032 0.992
0.043 0.542 4.567 1.371 6.283 0.020 0.043 0.992
0.055 0.634 4.599 1.625 6.283 0.020 0.055 0.992
0.070 0.727 4.637 1.869 6.283 0.020 0.070 0.992
0.086 0.820 4.679 2.102 6.282 0.020 0.086 0.992
0.105 0.915 4.725 2.321 6.282 0.020 0.105 0.992
0.125 1.010 4.776 2.527 6.281 0.020 0.125 0.992
0.147 1.107 4.830 2.717 6.281 0.020 0.147 0.992
0.171 1.205 4.888 2.892 6.280 0.020 0.171 0.992
0.197 1.304 4.949 3.050 6.279 0.020 0.197 0.992
0.225 1.404 5.013 3.191 6.278 0.020 0.225 0.992
0.255 1.505 5.079 3.314 6.276 0.020 0.255 0.992
0.288 1.608 5.147 3.419 6.275 0.020 0.288 0.992
0.322 1.713 5.218 3.504 6.273 0.020 0.322 0.991
0.358 1.819 5.289 3.570 6.270 0.020 0.358 0.991
0.397 1.926 5.361 3.615 6.267 0.020 0.397 0.990
0.437 2.034 5.434 3.638 6.264 0.020 0.437 0.990
0.480 2.145 5.507 3.639 6.261 0.020 0.480 0.989
0.525 2.256 5.579 3.614 6.257 0.020 0.525 0.988
0.573 2.369 5.650 3.563 6.252 0.020 0.573 0.986
0.622 2.484 5.720 3.483 6.248 0.020 0.622 0.985
0.674 2.599 5.787 3.371 6.242 0.020 0.674 0.983
0.729 2.716 5.852 3.224 6.236 0.020 0.729 0.980
0.785 2.835 5.913 3.037 6.229 0.020 0.785 0.977
0.845 2.954 5.969 2.807 6.222 0.020 0.844 0.974
0.906 3.074 6.019 2.528 6.214 0.020 0.906 0.970
0.970 3.196 6.063 2.195 6.206 0.020 0.969 0.965
1.036 3.318 6.099 1.805 6.197 0.020 1.035 0.960
1.105 3.440 6.126 1.350 6.187 0.020 1.104 0.954
1.176 3.563 6.143 0.828 6.177 0.020 1.175 0.946
1.250 3.686 6.148 0.234 6.166 0.020 1.248 0.938
1.326 3.809 6.139 -0.435 6.154 0.020 1.324 0.929
1.405 3.931 6.115 -1.178 6.141 0.020 1.402 0.918
1.486 4.053 6.075 -1.995 6.128 0.020 1.482 0.906
1.569 4.173 6.018 -2.881 6.115 0.020 1.564 0.893
1.655 4.292 5.941 -3.827 6.100 0.020 1.649 0.878
1.743 4.409 5.845 -4.824 6.085 0.020 1.735 0.861
1.834 4.523 5.728 -5.856 6.070 0.020 1.824 0.843
1.927 4.635 5.590 -6.905 6.054 0.020 1.914 0.822
2.021 4.744 5.431 -7.948 6.038 0.020 2.006 0.800
2.118 4.849 5.251 -8.961 6.022 0.020 2.100 0.776
2.217 4.950 5.053 -9.920 6.005 0.020 2.196 0.749
2.318 5.046 4.837 -10.798 5.988 0.020 2.292 0.721
2.421 5.138 4.606 -11.572 5.971 0.020 2.391 0.690
2.526 5.226 4.361 -12.221 5.954 0.020 2.490 0.657
2.632 5.308 4.107 -12.729 5.937 0.020 2.590 0.622
2.739 5.385 3.845 -13.089 5.921 0.020 2.691 0.585
2.849 5.456 3.579 -13.295 5.905 0.020 2.793 0.545
2.959 5.523 3.312 -13.355 5.889 0.020 2.895 0.503
3.071 5.583 3.046 -13.279 5.874 0.020 2.998 0.460
3.183 5.639 2.785 -13.085 5.860 0.020 3.101 0.414
3.297 5.690 2.529 -12.796 5.846 0.020 3.204 0.367
3.412 5.735 2.280 -12.439 5.833 0.020 3.308 0.317
3.527 5.776 2.039 -12.040 5.822 0.020 3.412 0.267
3.644 5.812 1.806 -11.627 5.811 0.020 3.515 0.214
3.761 5.844 1.582 -11.224 5.801 0.020 3.619 0.161
3.878 5.871 1.365 -10.855 5.793 0.020 3.723 0.106
3.996 5.894 1.154 -10.534 5.786 0.020 3.827 0.050
4.114 5.913 0.949 -10.272 5.781 0.020 3.931 -0.007
4.233 5.922 0.460 -24.449 5.777 0.020 4.034 -0.064
4.351 5.917 -0.294 -37.697 5.775 0.020 4.138 -0.122
4.469 5.896 -1.014 -35.980 5.774 0.020 4.241 -0.179
4.586 5.862 -1.699 -34.239 5.775 0.020 4.343 -0.236
4.702 5.815 -2.348 -32.454 5.777 0.020 4.445 -0.293
4.818 5.756 -2.960 -30.596 5.782 0.020 4.546 -0.348
4.931 5.686 -3.532 -28.632 5.788 0.020 4.646 -0.403
5.043 5.604 -4.063 -26.529 5.796 0.020 4.744 -0.455
5.154 5.518 -4.293 -11.489 5.806 0.020 4.842 -0.507
5.262 5.434 -4.237 2.754 5.817 0.020 4.939 -0.556
5.369 5.350 -4.160 3.884 5.830 0.020 5.035 -0.603
5.475 5.269 -4.054 5.307 5.845 0.020 5.130 -0.649
5.579 5.191 -3.913 7.045 5.861 0.020 5.224 -0.692
5.681 5.117 -3.731 9.103 5.879 0.020 5.318 -0.733
5.782 5.047 -3.501 11.464 5.898 0.020 5.411 -0.772
5.882 4.982 -3.220 14.088 5.919 0.020 5.504 -0.809
5.980 4.924 -2.882 16.903 5.941 0.020 5.596 -0.843
6.077 4.875 -2.485 19.810 5.963 0.020 5.689 -0.874
6.174 4.834 -2.032 22.687 5.987 0.020 5.781 -0.904
6.270 4.804 -1.524 25.392 6.011 0.020 5.873 -0.931
6.366 4.784 -0.968 27.781 6.035 0.020 5.965 -0.955
6.461 4.777 -0.374 29.724 6.060 0.020 6.058 -0.978
6.557 4.782 0.249 31.118 6.085 0.020 6.152 -0.998
6.653 4.800 0.887 31.905 6.109 0.020 6.246 -1.015
6.750 4.830 1.528 32.082 6.132 0.020 6.341 -1.031
6.847 4.873 2.162 31.703 6.155 0.020 6.438 -1.045
6.946 4.929 2.780 30.876 6.177 0.020 6.536 -1.056
7.046 4.996 3.375 29.750 6.197 0.020 6.635 -1.066
7.147 5.075 3.945 28.506 6.215 0.020 6.737 -1.073
7.250 5.165 4.492 27.337 6.232 0.020 6.840 -1.080
7.356 5.266 5.021 26.434 6.247 0.020 6.945 -1.084
7.463 5.376 5.540 25.981 6.260 0.020 7.052 -1.087
7.573 5.498 6.063 26.146 6.270 0.020 7.162 -1.089
7.686 5.630 6.605 27.081 6.277 0.020 7.275 -1.090
7.801 5.773 7.183 28.924 6.282 0.020 7.390 -1.091
7.920 5.929 7.796 30.645 6.283 0.020 7.509 -1.091
8.040 6.001 3.594 -210.114 6.283 0.020 7.629 -1.091
8.160 6.003 0.067 -176.330 6.283 0.020 7.749 -1.091
8.280 6.003 0.012 -2.736 6.283 0.020 7.869 -1.091
8.400 6.002 -0.041 -2.663 6.283 0.020 7.989 -1.091
8.520 6.000 -0.093 -2.589 6.283 0.020 8.109 -1.091
8.640 5.997 -0.143 -2.518 6.283 0.020 8.229 -1.091
8.760 5.993 -0.192 -2.450 0.000 0.020 8.349 -1.091
8.880 5.989 -0.240 -2.387 0.000 0.020 8.469 -1.091
8.999 5.983 -0.286 -2.329 0.001 0.020 8.588 -1.091
9.119 5.976 -0.332 -2.278 0.001 0.020 8.708 -1.091
9.238 5.969 -0.377 -2.235 0.002 0.020 8.827 -1.091
9.357 5.960 -0.421 -2.199 0.002 0.020 8.946 -1.090
9.476 5.951 -0.464 -2.173 0.003 0.020 9.065 -1.090
9.595 5.941 -0.507 -2.156 0.005 0.020 9.184 -1.090
9.714 5.930 -0.550 -2.149 0.006 0.020 9.303 -1.089
9.832 5.918 -0.593 -2.153 0.008 0.020 9.421 -1.088
9.950 5.905 -0.636 -2.168 0.010 0.020 9.539 -1.087
10.068 5.892 -0.680 -2.195 0.012 0.020 9.657 -1.086
10.186 5.877 -0.725 -2.234 0.014 0.020 9.775 -1.084
10.303 5.862 -0.771 -2.286 0.017 0.020 9.892 -1.082
10.420 5.845 -0.818 -2.351 0.020 0.020 10.009 -1.080
10.536 5.828 -0.866 -2.431 0.024 0.020 10.125 -1.078
10.653 5.810 -0.917 -2.525 0.027 0.020 10.242 -1.075
10.768 5.790 -0.970 -2.633 0.032 0.020 10.357 -1.071
10.884 5.770 -1.025 -2.758 0.036 0.020 10.473 -1.067
10.999 5.748 -1.083 -2.899 0.041 0.020 10.587 -1.063
11.113 5.725 -1.144 -3.057 0.047 0.020 10.702 -1.058
11.227 5.701 -1.209 -3.233 0.053 0.020 10.816 -1.052
11.341 5.676 -1.277 -3.426 0.060 0.020 10.929 -1.046
11.454 5.649 -1.350 -3.638 0.067 0.020 11.042 -1.039
11.566 5.620 -1.427 -3.869 0.074 0.020 11.154 -1.031
11.678 5.590 -1.510 -4.118 0.083 0.020 11.265 -1.022
11.789 5.558 -1.597 -4.385 0.091 0.020 11.376 -1.012
11.900 5.524 -1.691 -4.669 0.101 0.020 11.486 -1.002
12.009 5.488 -1.790 -4.968 0.111 0.020 11.595 -0.990
12.118 5.450 -1.896 -5.281 0.122 0.020 11.704 -0.978
12.227 5.410 -2.008 -5.601 0.134 0.020 11.811 -0.964
12.334 5.368 -2.126 -5.925 0.147 0.020 11.917 -0.949
12.440 5.323 -2.251 -6.245 0.161 0.020 12.022 -0.932
12.546 5.275 -2.382 -6.550 0.175 0.020 12.126 -0.915
12.650 5.225 -2.519 -6.828 0.191 0.020 12.229 -0.896
12.754 5.172 -2.660 -7.061 0.208 0.020 12.331 -0.875
12.856 5.115 -2.804 -7.229 0.225 0.020 12.430 -0.853
12.957 5.056 -2.950 -7.303 0.244 0.020 12.529 -0.830
13.057 4.995 -3.096 -7.253 0.265 0.020 12.625 -0.805
13.156 4.930 -3.236 -7.040 0.286 0.020 12.720 -0.778
13.253 4.862 -3.369 -6.620 0.309 0.020 12.813 -0.749
13.349 4.793 -3.488 -5.944 0.333 0.020 12.904 -0.719
13.443 4.721 -3.587 -4.960 0.359 0.020 12.993 -0.687
13.536 4.648 -3.659 -3.616 0.387 0.020 13.080 -0.653
13.628 4.574 -3.696 -1.866 0.415 0.020 13.164 -0.617
13.718 4.500 -3.690 0.322 0.445 0.020 13.246 -0.580
13.806 4.427 -3.631 2.964 0.477 0.020 13.325 -0.541
13.893 4.357 -3.510 6.039 0.510 0.020 13.402 -0.499
13.979 4.291 -3.320 9.489 0.545 0.020 13.476 -0.456
14.064 4.230 -3.056 13.207 0.580 0.020 13.547 -0.411
14.147 4.175 -2.715 17.037 0.617 0.020 13.616 -0.364
14.230 4.129 -2.300 20.774 0.655 0.020 13.683 -0.315
14.312 4.093 -1.816 24.185 0.693 0.020 13.747 -0.264
14.393 4.068 -1.276 27.026 0.732 0.020 13.808 -0.211
14.474 4.054 -0.694 29.074 0.771 0.020 13.868 -0.155
14.555 4.052 -0.091 30.159 0.811 0.020 13.925 -0.098
14.637 4.062 0.513 30.186 0.850 0.020 13.979 -0.038
14.718 4.084 1.096 29.156 0.888 0.020 14.032 0.025
14.801 4.117 1.639 27.159 0.926 0.020 14.083 0.090
14.884 4.159 2.126 24.367 0.963 0.020 14.132 0.157
14.968 4.210 2.546 21.001 0.999 0.020 14.178 0.227
15.053 4.268 2.893 17.303 1.034 0.020 14.223 0.300
15.140 4.331 3.163 13.507 1.068 0.020 14.266 0.375
15.228 4.399 3.359 9.817 1.100 0.020 14.307 0.453
15.317 4.468 3.487 6.390 1.131 0.020 14.347 0.533
15.408 4.539 3.553 3.333 1.160 0.020 14.384 0.616
15.500 4.611 3.568 0.705 1.188 0.020 14.420 0.701
15.594 4.681 3.538 -1.474 1.215 0.020 14.454 0.788
15.689 4.751 3.474 -3.217 1.240 0.020 14.485 0.878
15.785 4.819 3.383 -4.555 1.264 0.020 14.516 0.969
15.883 4.884 3.272 -5.536 1.286 0.020 14.544 1.062
15.982 4.947 3.148 -6.208 1.308 0.020 14.571 1.158
16.082 5.007 3.015 -6.624 1.328 0.020 14.596 1.255
16.183 5.065 2.879 -6.832 1.347 0.020 14.619 1.353
16.286 5.120 2.741 -6.875 1.364 0.020 14.641 1.453
16.389 5.172 2.605 -6.791 1.381 0.020 14.662 1.555
16.494 5.221 2.473 -6.612 1.397 0.020 14.680 1.657
16.599 5.268 2.346 -6.364 1.411 0.020 14.698 1.761
16.705 5.313 2.224 -6.069 1.425 0.020 14.714 1.866
16.812 5.355 2.110 -5.741 1.438 0.020 14.729 1.972
16.920 5.395 2.002 -5.396 1.450 0.020 14.742 2.079
17.029 5.433 1.901 -5.042 1.462 0.020 14.755 2.187
17.138 5.469 1.807 -4.686 1.473 0.020 14.766 2.296
17.248 5.503 1.720 -4.334 1.483 0.020 14.776 2.406
17.359 5.536 1.641 -3.989 1.492 0.020 14.786 2.516
17.470 5.568 1.568 -3.653 1.501 0.020 14.794 2.627
17.582 5.598 1.501 -3.328 1.509 0.020 14.801 2.739
17.695 5.626 1.441 -3.014 1.516 0.020 14.808 2.851
17.808 5.654 1.386 -2.711 1.523 0.020 14.814 2.964
17.922 5.681 1.338 -2.418 1.530 0.020 14.819 3.078
18.036 5.707 1.295 -2.135 1.536 0.020 14.823 3.192
18.150 5.732 1.258 -1.859 1.541 0.020 14.827 3.306
18.266 5.757 1.226 -1.589 1.546 0.020 14.830 3.421
18.381 5.781 1.200 -1.325 1.550 0.020 14.833 3.537
18.497 5.804 1.179 -1.062 1.554 0.020 14.835 3.653
18.614 5.827 1.163 -0.801 1.558 0.020 14.836 3.770
18.731 5.850 1.152 -0.537 1.561 0.020 14.838 3.887
18.848 5.873 1.147 -0.269 1.563 0.020 14.839 4.004
18.966 5.896 1.147 0.006 1.565 0.020 14.840 4.122
19.085 5.919 1.153 0.292 1.567 0.020 14.840 4.240
19.203 5.943 1.164 0.593 1.568 0.020 14.840 4.359
19.323 5.966 1.183 0.912 1.569 0.020 14.841 4.479
19.443 5.990 1.191 0.436 1.569 0.020 14.841 4.598
19.562 5.983 -0.378 -78.490 1.569 0.020 14.841 4.718
19.681 5.955 -1.374 -49.755 1.570 0.020 14.841 4.837
19.800 5.929 -1.300 3.691 1.572 0.020 14.841 4.956
19.918 5.905 -1.228 3.590 1.574 0.020 14.841 5.074
20.036 5.881 -1.158 3.498 1.576 0.020 14.840 5.191
20.153 5.860 -1.090 3.415 1.579 0.020 14.840 5.309
20.270 5.839 -1.023 3.341 1.582 0.020 14.839 5.425
20.386 5.820 -0.957 3.274 1.586 0.020 14.837 5.542
20.502 5.802 -0.893 3.214 1.590 0.020 14.835 5.658
20.618 5.786 -0.830 3.160 1.594 0.020 14.833 5.773
20.733 5.770 -0.768 3.110 1.599 0.020 14.830 5.889
20.848 5.756 -0.706 3.064 1.604 0.020 14.826 6.004
20.963 5.743 -0.646 3.022 1.609 0.020 14.822 6.119
21.078 5.731 -0.586 2.980 1.614 0.020 14.817 6.233
21.192 5.721 -0.528 2.940 1.620 0.020 14.812 6.347
21.306 5.711 -0.470 2.900 1.626 0.020 14.806 6.462
21.420 5.703 -0.412 2.859 1.632 0.020 14.800 6.575
21.534 5.696 -0.356 2.816 1.638 0.020 14.792 6.689
21.648 5.690 -0.301 2.772 1.644 0.020 14.784 6.803
21.762 5.685 -0.246 2.725 1.650 0.020 14.776 6.916
21.876 5.681 -0.193 2.675 1.657 0.020 14.766 7.029
21.989 5.678 -0.140 2.621 1.663 0.020 14.756 7.142
22.103 5.677 -0.089 2.564 1.670 0.020 14.745 7.255
22.216 5.676 -0.039 2.503 1.676 0.020 14.734 7.368
22.330 5.676 0.010 2.439 1.683 0.020 14.722 7.481
22.443 5.677 0.057 2.371 1.689 0.020 14.708 7.594
22.557 5.679 0.103 2.299 1.696 0.020 14.695 7.707
22.670 5.682 0.148 2.224 1.702 0.020 14.680 7.819
22.784 5.686 0.191 2.147 1.709 0.020 14.665 7.932
22.898 5.691 0.232 2.066 1.715 0.020 14.649 8.045
23.012 5.696 0.272 1.983 1.721 0.020 14.632 8.157
23.126 5.702 0.310 1.898 1.727 0.020 14.615 8.270
23.240 5.709 0.346 1.812 1.733 0.020 14.597 8.383
23.354 5.717 0.380 1.724 1.738 0.020 14.578 8.496
23.469 5.725 0.413 1.636 1.744 0.020 14.559 8.609
23.584 5.734 0.444 1.548 1.749 0.020 14.539 8.721
23.699 5.744 0.473 1.460 1.754 0.020 14.518 8.834
23.814 5.754 0.501 1.373 1.759 0.020 14.497 8.948
23.929 5.764 0.526 1.286 1.764 0.020 14.475 9.061
24.044 5.775 0.551 1.201 1.769 0.020 14.452 9.174
24.160 5.787 0.573 1.117 1.773 0.020 14.429 9.287
24.276 5.798 0.594 1.035 1.777 0.020 14.406 9.401
24.392 5.811 0.613 0.955 1.781 0.020 14.382 9.515
24.509 5.823 0.630 0.877 1.784 0.020 14.357 9.629
24.625 5.836 0.646 0.801 1.788 0.020 14.332 9.743
24.742 5.849 0.661 0.727 1.791 0.020 14.307 9.857
24.860 5.863 0.674 0.656 1.794 0.020 14.281 9.971
24.977 5.877 0.686 0.586 1.796 0.020 14.255 10.086
25.095 5.891 0.696 0.519 1.798 0.020 14.228 10.201
25.213 5.905 0.705 0.453 1.800 0.020 14.202 10.316
25.332 5.919 0.713 0.389 1.802 0.020 14.175 10.431
25.450 5.933 0.719 0.327 1.803 0.020 14.147 10.546
25.569 5.948 0.725 0.266 1.804 0.020 14.120 10.662
25.688 5.962 0.729 0.207 1.805 0.020 14.092 10.778
25.808 5.977 0.732 0.148 1.805 0.020 14.065 10.894
25.928 5.992 0.734 0.090 1.806 0.020 14.037 11.011
26.048 6.006 0.734 0.033 1.805 0.020 14.009 11.128
26.168 6.021 0.734 -0.025 1.805 0.020 13.981 11.245
26.289 6.036 0.732 -0.082 1.804 0.020 13.953 11.362
26.410 6.050 0.729 -0.140 1.803 0.020 13.925 11.480
26.531 6.065 0.725 -0.199 1.802 0.020 13.897 11.598
26.653 6.079 0.720 -0.258 1.800 0.020 13.869 11.716
26.775 6.093 0.714 -0.319 1.799 0.020 13.842 11.835
26.897 6.108 0.706 -0.381 1.796 0.020 13.814 11.954
27.019 6.121 0.697 -0.444 1.794 0.020 13.787 12.074
27.142 6.135 0.687 -0.510 1.791 0.020 13.760 12.193
27.265 6.149 0.676 -0.577 1.788 0.020 13.733 12.313
27.388 6.162 0.663 -0.646 1.785 0.020 13.707 12.434
27.512 6.175 0.648 -0.717 1.781 0.020 13.681 12.554
27.636 6.188 0.632 -0.791 1.778 0.020 13.655 12.675
27.760 6.200 0.615 -0.867 1.774 0.020 13.630 12.797
27.884 6.212 0.596 -0.944 1.769 0.020 13.605 12.919
28.008 6.223 0.576 -1.024 1.765 0.020 13.581 13.041
28.133 6.234 0.554 -1.106 1.760 0.020 13.557 13.163
28.258 6.245 0.530 -1.189 1.755 0.020 13.534 13.286
28.383 6.251 0.285 -12.222 1.750 0.020 13.511 13.409
28.508 6.246 -0.254 -26.994 1.745 0.020 13.489 13.532
28.632 6.228 -0.872 -30.877 1.739 0.020 13.468 13.654
28.756 6.198 -1.494 -31.091 1.734 0.020 13.448 13.777
28.879 6.156 -2.119 -31.271 1.728 0.020 13.428 13.898
29.001 6.101 -2.747 -31.414 1.722 0.020 13.409 14.019
29.122 6.033 -3.378 -31.518 1.716 0.020 13.391 14.138
29.241 5.953 -4.009 -31.581 1.710 0.020 13.375 14.256
29.358 5.865 -4.421 -20.559 1.705 0.020 13.359 14.372
29.474 5.774 -4.536 -5.781 1.699 0.020 13.343 14.487
29.588 5.683 -4.576 -1.998 1.693 0.020 13.329 14.599
29.699 5.590 -4.614 -1.888 1.687 0.020 13.316 14.711
29.809 5.497 -4.649 -1.774 1.682 0.020 13.303 14.820
29.917 5.404 -4.683 -1.657 1.676 0.020 13.292 14.927
30.024 5.309 -4.713 -1.539 1.671 0.020 13.281 15.033
30.128 5.215 -4.742 -1.419 1.665 0.020 13.271 15.137
30.230 5.119 -4.768 -1.298 1.660 0.020 13.261 15.239
30.331 5.023 -4.791 -1.178 1.655 0.020 13.253 15.339
30.429 4.927 -4.812 -1.059 1.650 0.020 13.245 15.437
30.526 4.831 -4.831 -0.941 1.645 0.020 13.237 15.533
30.621 4.734 -4.848 -0.824 1.640 0.020 13.231 15.628
30.713 4.636 -4.862 -0.711 1.636 0.020 13.224 15.720
30.804 4.539 -4.874 -0.600 1.631 0.020 13.219 15.811
30.893 4.441 -4.884 -0.493 1.627 0.020 13.213 15.899
30.980 4.343 -4.892 -0.389 1.623 0.020 13.209 15.986
31.065 4.245 -4.897 -0.289 1.619 0.020 13.204 16.071
31.148 4.147 -4.901 -0.193 1.615 0.020 13.201 16.154
31.229 4.049 -4.903 -0.102 1.612 0.020 13.197 16.235
31.308 3.951 -4.904 -0.016 1.608 0.020 13.194 16.314
31.385 3.853 -4.902 0.066 1.605 0.020 13.191 16.391
31.460 3.755 -4.899 0.144 1.602 0.020 13.189 16.466
31.533 3.657 -4.895 0.216 1.599 0.020 13.187 16.539
31.604 3.560 -4.889 0.284 1.597 0.020 13.185 16.610
31.673 3.462 -4.882 0.347 1.594 0.020 13.183 16.679
31.741 3.364 -4.874 0.405 1.592 0.020 13.182 16.747
31.806 3.267 -4.865 0.458 1.590 0.020 13.180 16.812
31.869 3.170 -4.855 0.507 1.587 0.020 13.179 16.875
31.931 3.073 -4.844 0.551 1.586 0.020 13.178 16.937
31.990 2.976 -4.832 0.591 1.584 0.020 13.177 16.996
32.048 2.880 -4.820 0.626 1.582 0.020 13.177 17.054
32.104 2.784 -4.807 0.657 1.581 0.020 13.176 17.110
32.157 2.688 -4.793 0.683 1.579 0.020 13.176 17.163
32.209 2.592 -4.779 0.705 1.578 0.020 13.175 17.215
32.259 2.497 -4.764 0.724 1.577 0.020 13.175 17.265
32.307 2.402 -4.750 0.738 1.576 0.020 13.175 17.313
32.353 2.308 -4.735 0.748 1.575 0.020 13.174 17.359
32.398 2.213 -4.719 0.755 1.574 0.020 13.174 17.404
32.440 2.119 -4.704 0.757 1.573 0.020 13.174 17.446
32.481 2.025 -4.689 0.756 1.573 0.020 13.174 17.486
32.519 1.932 -4.674 0.752 1.572 0.020 13.174 17.525
32.556 1.839 -4.659 0.744 1.571 0.020 13.174 17.562
32.591 1.746 -4.645 0.733 1.571 0.020 13.174 17.597
32.624 1.653 -4.630 0.719 1.571 0.020 13.174 17.630
32.655 1.561 -4.616 0.701 1.570 0.020 13.174 17.661
32.685 1.469 -4.603 0.681 1.570 0.020 13.174 17.690
32.712 1.377 -4.589 0.657 1.570 0.020 13.174 17.718
32.738 1.285 -4.577 0.631 1.570 0.020 13.174 17.744
32.762 1.194 -4.565 0.602 1.570 0.020 13.174 17.768
32.784 1.103 -4.553 0.571 1.569 0.020 13.174 17.790
32.804 1.012 -4.543 0.537 1.569 0.020 13.174 17.810
32.822 0.922 -4.533 0.502 1.569 0.020 13.174 17.828
32.839 0.831 -4.523 0.464 1.569 0.020 13.174 17.845
32.854 0.741 -4.515 0.424 1.569 0.020 13.174 17.860
32.867 0.651 -4.507 0.383 1.569 0.020 13.174 17.873
32.878 0.561 -4.500 0.340 1.569 0.020 13.174 17.884
32.887 0.471 -4.494 0.296 1.569 0.020 13.174 17.893
32.895 0.381 -4.489 0.250 1.569 0.020 13.174 17.901
32.901 0.295 -4.275 10.702 1.569 0.020 13.174 17.907
32.905 0.220 -3.783 24.645 1.569 0.020 13.174 17.911
32.909 0.155 -3.221 28.090 1.569 0.020 13.174 17.914
32.911 0.102 -2.660 28.048 1.569 0.020 13.174 17.916
32.912 0.060 -2.099 28.019 1.569 0.020 13.174 17.918
32.912 0.029 -1.539 28.001 1.569 0.020 13.174 17.918
32.913 0.010 -0.980 27.991 1.569 0.020 13.174 17.918
32.913 0.001 -0.420 27.986 1.569 0.020 13.174 17.918
32.913 0.000 -0.070 17.492 1.569 0.020 13.174 17.918
0.000 0.011 0.560 27.985 6.283 0.020 0.000 -0.992
0.001 0.022 0.560 -0.004 6.283 0.020 0.001 -0.992
0.002 0.050 1.399 41.955 6.283 0.020 0.002 -0.992
0.003 0.090 1.957 27.914 6.283 0.020 0.003 -0.992
0.006 0.140 2.513 27.822 6.283 0.020 0.006 -0.992
0.010 0.201 3.067 27.672 6.283 0.020 0.010 -0.992
0.016 0.273 3.616 27.450 6.283 0.020 0.016 -0.992
0.023 0.357 4.159 27.143 6.283 0.020 0.023 -0.992
0.032 0.445 4.416 12.851 6.283 0.020 0.032 -0.992
0.042 0.533 4.388 -1.371 6.283 0.020 0.042 -0.992
0.055 0.620 4.356 -1.625 6.283 0.020 0.055 -0.992
0.069 0.706 4.318 -1.869 6.283 0.020 0.069 -0.992
0.085 0.792 4.276 -2.102 6.282 0.020 0.085 -0.992
0.102 0.876 4.230 -2.321 6.282 0.020 0.102 -0.993
0.121 0.960 4.179 -2.527 6.281 0.020 0.121 -0.993
0.142 1.042 4.125 -2.717 6.281 0.020 0.142 -0.993
0.165 1.124 4.067 -2.892 6.280 0.020 0.165 -0.993
0.189 1.204 4.006 -3.050 6.279 0.020 0.189 -0.993
0.214 1.283 3.942 -3.191 6.278 0.020 0.214 -0.993
0.242 1.360 3.876 -3.314 6.276 0.020 0.242 -0.993
0.270 1.436 3.808 -3.419 6.275 0.020 0.270 -0.993
0.301 1.511 3.738 -3.504 6.273 0.020 0.301 -0.994
0.332 1.584 3.666 -3.570 6.270 0.020 0.332 -0.994
0.365 1.656 3.594 -3.615 6.267 0.020 0.365 -0.994
0.400 1.727 3.521 -3.638 6.264 0.020 0.400 -0.995
0.436 1.796 3.448 -3.639 6.261 0.020 0.436 -0.996
0.473 1.863 3.376 -3.615 6.257 0.020 0.473 -0.997
0.512 1.929 3.305 -3.564 6.252 0.020 0.512 -0.998
0.552 1.994 3.235 -3.484 6.248 0.020 0.552 -0.999
0.593 2.057 3.168 -3.372 6.242 0.020 0.593 -1.001
0.635 2.119 3.103 -3.224 6.236 0.020 0.635 -1.002
0.679 2.180 3.042 -3.038 6.229 0.020 0.679 -1.005
0.724 2.240 2.986 -2.807 6.222 0.020 0.723 -1.007
0.770 2.299 2.936 -2.529 6.214 0.020 0.769 -1.010
0.817 2.357 2.892 -2.196 6.206 0.020 0.816 -1.014
0.865 2.414 2.856 -1.806 6.197 0.020 0.864 -1.018
0.914 2.470 2.829 -1.351 6.187 0.020 0.913 -1.022
0.965 2.527 2.812 -0.829 6.177 0.020 0.964 -1.027
1.017 2.583 2.807 -0.235 6.166 0.020 1.015 -1.033
1.069 2.639 2.816 0.434 6.154 0.020 1.067 -1.039
1.123 2.696 2.840 1.177 6.141 0.020 1.121 -1.047
1.178 2.753 2.880 1.994 6.128 0.020 1.175 -1.055
1.235 2.812 2.937 2.880 6.115 0.020 1.231 -1.064
1.292 2.872 3.014 3.827 6.100 0.020 1.287 -1.074
1.351 2.935 3.110 4.824 6.085 0.020 1.345 -1.085
1.411 2.999 3.227 5.856 6.070 0.020 1.404 -1.097
1.472 3.066 3.365 6.905 6.054 0.020 1.464 -1.111
1.535 3.137 3.524 7.949 6.038 0.020 1.525 -1.126
1.599 3.211 3.704 8.963 6.022 0.020 1.587 -1.142
1.665 3.289 3.902 9.922 6.005 0.020 1.650 -1.159
1.732 3.371 4.118 10.800 5.988 0.020 1.715 -1.178
1.801 3.458 4.350 11.574 5.971 0.020 1.781 -1.199
1.872 3.550 4.594 12.224 5.954 0.020 1.848 -1.221
1.945 3.647 4.849 12.733 5.937 0.020 1.917 -1.246
2.020 3.749 5.110 13.092 5.921 0.020 1.987 -1.272
2.097 3.857 5.376 13.299 5.905 0.020 2.059 -1.299
2.177 3.970 5.644 13.358 5.889 0.020 2.133 -1.329
2.259 4.088 5.909 13.282 5.874 0.020 2.208 -1.361
2.343 4.211 6.171 13.088 5.860 0.020 2.285 -1.395
2.430 4.340 6.427 12.799 5.846 0.020 2.364 -1.432
2.519 4.474 6.676 12.441 5.833 0.020 2.445 -1.470
2.611 4.612 6.917 12.041 5.822 0.020 2.528 -1.511
2.706 4.755 7.149 11.628 5.811 0.020 2.613 -1.553
2.804 4.902 7.374 11.225 5.801 0.020 2.700 -1.598
2.906 5.054 7.591 10.854 5.793 0.020 2.789 -1.646
3.010 5.210 7.801 10.532 5.786 0.020 2.881 -1.695
3.117 5.370 8.007 10.270 5.781 0.020 2.975 -1.747
3.228 5.529 7.936 -3.539 5.777 0.020 3.072 -1.800
3.341 5.680 7.570 -18.278 5.775 0.020 3.171 -1.855
3.458 5.824 7.171 -19.996 5.774 0.020 3.273 -1.912
3.577 5.959 6.736 -21.738 5.775 0.020 3.377 -1.970
3.699 6.084 6.265 -23.524 5.777 0.020 3.483 -2.029
3.823 6.199 5.758 -25.382 5.782 0.020 3.592 -2.089
3.949 6.303 5.211 -27.346 5.788 0.020 3.703 -2.149
4.077 6.396 4.622 -29.449 5.796 0.020 3.815 -2.210
4.206 6.482 4.292 -16.503 5.806 0.020 3.930 -2.270
4.338 6.566 4.237 -2.760 5.817 0.020 4.047 -2.329
4.471 6.649 4.159 -3.890 5.830 0.020 4.166 -2.388
4.605 6.730 4.052 -5.312 5.845 0.020 4.288 -2.446
4.741 6.809 3.912 -7.049 5.861 0.020 4.412 -2.503
4.879 6.883 3.729 -9.105 5.879 0.020 4.538 -2.558
5.018 6.953 3.500 -11.465 5.898 0.020 4.666 -2.612
5.158 7.018 3.218 -14.087 5.919 0.020 4.797 -2.663
5.300 7.075 2.880 -16.900 5.941 0.020 4.930 -2.712
5.442 7.125 2.484 -19.805 5.963 0.020 5.064 -2.759
5.586 7.166 2.031 -22.678 5.987 0.020 5.201 -2.802
5.730 7.196 1.523 -25.381 6.011 0.020 5.339 -2.842
5.874 7.215 0.968 -27.768 6.035 0.020 5.478 -2.880
6.018 7.223 0.374 -29.710 6.060 0.020 5.619 -2.913
6.163 7.218 -0.249 -31.103 6.085 0.020 5.760 -2.943
6.307 7.200 -0.886 -31.890 6.109 0.020 5.902 -2.970
6.450 7.170 -1.528 -32.067 6.132 0.020 6.043 -2.993
6.593 7.126 -2.161 -31.689 6.155 0.020 6.184 -3.013
6.734 7.071 -2.779 -30.864 6.177 0.020 6.325 -3.030
6.874 7.003 -3.374 -29.741 6.197 0.020 6.464 -3.043
7.013 6.924 -3.944 -28.500 6.215 0.020 6.602 -3.054
7.149 6.835 -4.490 -27.334 6.232 0.020 6.739 -3.062
7.284 6.734 -5.019 -26.434 6.247 0.020 6.873 -3.068
7.417 6.624 -5.539 -25.985 6.260 0.020 7.006 -3.072
7.547 6.502 -6.062 -26.153 6.270 0.020 7.136 -3.074
7.674 6.370 -6.604 -27.092 6.277 0.020 7.263 -3.075
7.799 6.227 -7.182 -28.939 6.282 0.020 7.387 -3.076
7.920 6.071 -7.796 -30.665 6.283 0.020 7.509 -3.076
8.040 5.999 -3.594 210.093 6.283 0.020 7.629 -3.076
8.160 5.997 -0.067 176.328 6.283 0.020 7.749 -3.076
8.280 5.997 -0.012 2.736 6.283 0.020 7.869 -3.076
8.400 5.998 0.041 2.663 6.283 0.020 7.989 -3.076
8.520 6.000 0.093 2.589 6.283 0.020 8.109 -3.076
8.640 6.003 0.143 2.518 6.283 0.020 8.229 -3.076
8.760 6.007 0.192 2.450 0.000 0.020 8.349 -3.076
8.880 6.011 0.240 2.387 0.000 0.020 8.469 -3.076
9.001 6.017 0.286 2.329 0.001 0.020 8.589 -3.076
9.121 6.024 0.332 2.278 0.001 0.020 8.710 -3.076
9.242 6.031 0.377 2.234 0.002 0.020 8.831 -3.076
9.362 6.040 0.421 2.199 0.002 0.020 8.951 -3.075
9.483 6.049 0.464 2.172 0.003 0.020 9.072 -3.075
9.605 6.059 0.507 2.156 0.005 0.020 9.194 -3.074
9.726 6.070 0.550 2.149 0.006 0.020 9.315 -3.074
9.848 6.082 0.593 2.153 0.008 0.020 9.437 -3.073
9.969 6.095 0.636 2.168 0.010 0.020 9.558 -3.072
10.092 6.108 0.680 2.195 0.012 0.020 9.681 -3.071
10.214 6.123 0.725 2.234 0.014 0.020 9.803 -3.069
10.337 6.138 0.771 2.286 0.017 0.020 9.926 -3.067
10.460 6.155 0.818 2.351 0.020 0.020 10.049 -3.065
10.583 6.172 0.866 2.430 0.024 0.020 10.172 -3.062
10.707 6.190 0.917 2.524 0.027 0.020 10.296 -3.059
10.831 6.210 0.970 2.633 0.032 0.020 10.420 -3.055
10.956 6.230 1.025 2.758 0.036 0.020 10.545 -3.051
11.081 6.252 1.083 2.898 0.041 0.020 10.670 -3.046
11.207 6.275 1.144 3.056 0.047 0.020 10.795 -3.041
11.332 6.299 1.208 3.232 0.053 0.020 10.921 -3.034
11.459 6.324 1.277 3.425 0.060 0.020 11.047 -3.027
11.586 6.351 1.350 3.637 0.067 0.020 11.174 -3.019
11.714 6.380 1.427 3.867 0.074 0.020 11.301 -3.010
11.842 6.410 1.509 4.116 0.083 0.020 11.429 -3.000
11.971 6.442 1.597 4.383 0.091 0.020 11.557 -2.989
12.100 6.476 1.690 4.667 0.101 0.020 11.686 -2.977
12.230 6.512 1.790 4.966 0.111 0.020 11.816 -2.963
12.361 6.549 1.895 5.278 0.122 0.020 11.946 -2.948
12.493 6.590 2.007 5.599 0.134 0.020 12.077 -2.931
12.626 6.632 2.126 5.922 0.147 0.020 12.208 -2.912
12.759 6.677 2.250 6.241 0.161 0.020 12.340 -2.892
12.894 6.725 2.381 6.546 0.175 0.020 12.472 -2.869
13.029 6.775 2.518 6.824 0.191 0.020 12.606 -2.845
13.166 6.828 2.659 7.056 0.208 0.020 12.740 -2.818
13.304 6.884 2.803 7.223 0.225 0.020 12.874 -2.788
13.442 6.943 2.949 7.297 0.244 0.020 13.009 -2.756
13.583 7.005 3.094 7.247 0.265 0.020 13.145 -2.720
13.724 7.070 3.235 7.033 0.286 0.020 13.281 -2.682
13.867 7.137 3.367 6.613 0.309 0.020 13.417 -2.640
14.011 7.207 3.486 5.936 0.333 0.020 13.554 -2.595
14.156 7.279 3.585 4.952 0.359 0.020 13.691 -2.545
14.303 7.352 3.657 3.609 0.387 0.020 13.828 -2.492
14.452 7.426 3.694 1.860 0.415 0.020 13.965 -2.434
14.602 7.499 3.688 -0.328 0.445 0.020 14.101 -2.371
14.753 7.572 3.628 -2.967 0.477 0.020 14.237 -2.304
14.906 7.642 3.508 -6.040 0.510 0.020 14.371 -2.231
15.060 7.709 3.318 -9.487 0.545 0.020 14.504 -2.154
15.216 7.770 3.054 -13.202 0.580 0.020 14.636 -2.071
15.372 7.824 2.713 -17.028 0.617 0.020 14.765 -1.983
15.530 7.870 2.298 -20.762 0.655 0.020 14.892 -1.889
15.688 7.906 1.815 -24.169 0.693 0.020 15.015 -1.791
15.846 7.932 1.275 -27.006 0.732 0.020 15.135 -1.687
16.005 7.946 0.694 -29.052 0.771 0.020 15.251 -1.578
16.164 7.947 0.091 -30.135 0.811 0.020 15.363 -1.465
16.323 7.937 -0.512 -30.162 0.850 0.020 15.470 -1.348
16.481 7.915 -1.095 -29.133 0.888 0.020 15.572 -1.227
16.639 7.882 -1.638 -27.139 0.926 0.020 15.670 -1.103
16.796 7.840 -2.125 -24.350 0.963 0.020 15.761 -0.976
16.952 7.789 -2.545 -20.987 0.999 0.020 15.848 -0.846
17.106 7.731 -2.890 -17.293 1.034 0.020 15.929 -0.715
17.260 7.668 -3.160 -13.501 1.068 0.020 16.005 -0.582
17.412 7.601 -3.357 -9.815 1.100 0.020 16.077 -0.447
17.562 7.531 -3.485 -6.390 1.131 0.020 16.143 -0.312
17.711 7.460 -3.551 -3.336 1.160 0.020 16.204 -0.176
17.859 7.389 -3.565 -0.710 1.188 0.020 16.261 -0.040
18.006 7.318 -3.536 1.468 1.215 0.020 16.314 0.097
18.151 7.249 -3.472 3.210 1.240 0.020 16.363 0.233
18.294 7.181 -3.381 4.548 1.264 0.020 16.408 0.370
18.436 7.116 -3.270 5.529 1.286 0.020 16.449 0.506
18.578 7.053 -3.146 6.201 1.308 0.020 16.487 0.642
18.717 6.992 -3.014 6.617 1.328 0.020 16.522 0.777
18.856 6.935 -2.877 6.826 1.347 0.020 16.555 0.912
18.994 6.880 -2.740 6.869 1.364 0.020 16.584 1.046
19.130 6.828 -2.604 6.786 1.381 0.020 16.611 1.180
19.266 6.779 -2.472 6.608 1.397 0.020 16.635 1.314
19.400 6.732 -2.345 6.360 1.411 0.020 16.658 1.446
19.534 6.687 -2.224 6.065 1.425 0.020 16.678 1.578
19.667 6.645 -2.109 5.738 1.438 0.020 16.696 1.710
19.799 6.605 -2.001 5.393 1.450 0.020 16.713 1.841
19.931 6.567 -1.900 5.039 1.462 0.020 16.728 1.972
20.061 6.531 -1.807 4.683 1.473 0.020 16.742 2.102
20.191 6.496 -1.720 4.332 1.483 0.020 16.754 2.231
20.320 6.464 -1.640 3.987 1.492 0.020 16.764 2.360
20.449 6.432 -1.567 3.652 1.501 0.020 16.774 2.488
20.577 6.402 -1.501 3.327 1.509 0.020 16.782 2.616
20.705 6.373 -1.440 3.013 1.516 0.020 16.790 2.743
20.831 6.346 -1.386 2.710 1.523 0.020 16.796 2.870
20.958 6.319 -1.338 2.417 1.530 0.020 16.802 2.996
21.084 6.293 -1.295 2.134 1.536 0.020 16.807 3.122
21.209 6.268 -1.258 1.858 1.541 0.020 16.811 3.247
21.334 6.243 -1.226 1.588 1.546 0.020 16.814 3.372
21.458 6.219 -1.200 1.324 1.550 0.020 16.817 3.496
21.582 6.196 -1.179 1.062 1.554 0.020 16.819 3.620
21.706 6.173 -1.163 0.800 1.558 0.020 16.821 3.744
21.829 6.150 -1.152 0.537 1.561 0.020 16.823 3.867
21.951 6.127 -1.147 0.269 1.563 0.020 16.824 3.989
22.073 6.104 -1.147 -0.007 1.565 0.020 16.824 4.111
22.195 6.081 -1.153 -0.293 1.567 0.020 16.825 4.233
22.316 6.057 -1.164 -0.593 1.568 0.020 16.825 4.354
22.437 6.034 -1.183 -0.913 1.569 0.020 16.826 4.475
22.557 6.010 -1.191 -0.436 1.569 0.020 16.826 4.595
22.677 6.017 0.378 78.489 1.569 0.020 16.826 4.715
22.798 6.045 1.374 49.755 1.570 0.020 16.826 4.836
22.920 6.071 1.300 -3.692 1.572 0.020 16.826 4.958
23.041 6.095 1.228 -3.590 1.574 0.020 16.826 5.079
23.164 6.119 1.158 -3.498 1.576 0.020 16.825 5.202
23.287 6.140 1.090 -3.415 1.579 0.020 16.825 5.325
23.410 6.161 1.023 -3.341 1.582 0.020 16.823 5.448
23.533 6.180 0.957 -3.274 1.586 0.020 16.822 5.571
23.657 6.198 0.893 -3.214 1.590 0.020 16.820 5.695
23.782 6.214 0.830 -3.160 1.594 0.020 16.817 5.820
23.906 6.230 0.768 -3.110 1.599 0.020 16.814 5.944
24.031 6.244 0.706 -3.064 1.604 0.020 16.810 6.069
24.156 6.257 0.646 -3.021 1.609 0.020 16.806 6.194
24.282 6.269 0.586 -2.980 1.614 0.020 16.801 6.319
24.407 6.279 0.528 -2.940 1.620 0.020 16.795 6.445
24.533 6.289 0.470 -2.900 1.626 0.020 16.788 6.570
24.659 6.297 0.412 -2.859 1.632 0.020 16.781 6.696
24.785 6.304 0.356 -2.816 1.638 0.020 16.773 6.822
24.911 6.310 0.301 -2.772 1.644 0.020 16.764 6.948
25.038 6.315 0.246 -2.724 1.650 0.020 16.754 7.074
25.164 6.319 0.193 -2.674 1.657 0.020 16.744 7.200
25.290 6.322 0.140 -2.621 1.663 0.020 16.733 7.326
25.417 6.323 0.089 -2.564 1.670 0.020 16.721 7.451
25.543 6.324 0.039 -2.503 1.676 0.020 16.708 7.577
25.670 6.324 -0.010 -2.439 1.683 0.020 16.694 7.703
25.796 6.323 -0.057 -2.371 1.689 0.020 16.679 7.829
25.923 6.321 -0.103 -2.299 1.696 0.020 16.664 7.954
26.049 6.318 -0.148 -2.224 1.702 0.020 16.648 8.079
26.175 6.314 -0.191 -2.146 1.709 0.020 16.631 8.205
26.301 6.309 -0.232 -2.066 1.715 0.020 16.613 8.330
26.428 6.304 -0.272 -1.983 1.721 0.020 16.595 8.454
26.554 6.298 -0.310 -1.898 1.727 0.020 16.576 8.579
26.679 6.291 -0.346 -1.812 1.733 0.020 16.556 8.703
26.805 6.283 -0.380 -1.724 1.738 0.020 16.535 8.827
26.930 6.275 -0.413 -1.636 1.744 0.020 16.514 8.951
27.056 6.266 -0.444 -1.548 1.749 0.020 16.492 9.074
27.181 6.256 -0.473 -1.460 1.754 0.020 16.469 9.197
27.306 6.246 -0.501 -1.373 1.759 0.020 16.446 9.320
27.431 6.236 -0.526 -1.286 1.764 0.020 16.423 9.442
27.555 6.225 -0.550 -1.201 1.769 0.020 16.398 9.564
27.679 6.213 -0.573 -1.117 1.773 0.020 16.374 9.686
27.803 6.202 -0.594 -1.035 1.777 0.020 16.348 9.808
27.927 6.189 -0.613 -0.955 1.781 0.020 16.323 9.929
28.051 6.177 -0.630 -0.877 1.784 0.020 16.297 10.050
28.174 6.164 -0.646 -0.801 1.788 0.020 16.271 10.170
28.297 6.151 -0.661 -0.728 1.791 0.020 16.244 10.290
28.420 6.137 -0.674 -0.656 1.794 0.020 16.217 10.410
28.542 6.123 -0.686 -0.586 1.796 0.020 16.190 10.529
28.664 6.109 -0.696 -0.519 1.798 0.020 16.162 10.648
28.786 6.095 -0.705 -0.453 1.800 0.020 16.135 10.767
28.908 6.081 -0.713 -0.390 1.802 0.020 16.107 10.885
29.029 6.067 -0.719 -0.327 1.803 0.020 16.079 11.003
29.150 6.052 -0.725 -0.267 1.804 0.020 16.051 11.121
29.271 6.038 -0.729 -0.207 1.805 0.020 16.023 11.239
29.392 6.023 -0.732 -0.148 1.805 0.020 15.995 11.356
29.512 6.008 -0.734 -0.090 1.806 0.020 15.967 11.473
29.632 5.994 -0.734 -0.033 1.805 0.020 15.939 11.589
29.751 5.979 -0.734 0.025 1.805 0.020 15.911 11.706
29.870 5.964 -0.732 0.082 1.804 0.020 15.884 11.822
29.989 5.950 -0.729 0.140 1.803 0.020 15.856 11.937
30.108 5.935 -0.725 0.199 1.802 0.020 15.829 12.053
30.227 5.921 -0.720 0.258 1.800 0.020 15.802 12.168
30.345 5.907 -0.714 0.319 1.799 0.020 15.775 12.283
30.463 5.892 -0.706 0.381 1.796 0.020 15.749 12.398
30.580 5.879 -0.697 0.444 1.794 0.020 15.723 12.513
30.697 5.865 -0.687 0.510 1.791 0.020 15.697 12.627
30.814 5.851 -0.676 0.577 1.788 0.020 15.671 12.741
30.931 5.838 -0.663 0.646 1.785 0.020 15.646 12.856
31.048 5.825 -0.648 0.717 1.781 0.020 15.622 12.969
31.164 5.812 -0.633 0.791 1.778 0.020 15.598 13.083
31.280 5.800 -0.615 0.866 1.774 0.020 15.574 13.197
31.396 5.788 -0.596 0.944 1.769 0.020 15.551 13.310
31.511 5.777 -0.576 1.024 1.765 0.020 15.528 13.423
31.627 5.766 -0.554 1.106 1.760 0.020 15.507 13.537
31.742 5.755 -0.530 1.189 1.755 0.020 15.485 13.650
31.856 5.741 -0.705 -8.764 1.750 0.020 15.464 13.763
31.971 5.718 -1.145 -21.978 1.745 0.020 15.444 13.875
32.084 5.685 -1.647 -25.093 1.739 0.020 15.425 13.987
32.197 5.642 -2.144 -24.879 1.734 0.020 15.406 14.099
32.309 5.589 -2.638 -24.699 1.728 0.020 15.388 14.209
32.420 5.527 -3.129 -24.556 1.722 0.020 15.371 14.318
32.529 5.454 -3.618 -24.452 1.716 0.020 15.355 14.426
32.636 5.372 -4.106 -24.389 1.710 0.020 15.340 14.532
32.742 5.284 -4.395 -14.424 1.705 0.020 15.326 14.637
32.846 5.196 -4.419 -1.217 1.699 0.020 15.312 14.740
32.948 5.108 -4.379 1.998 1.693 0.020 15.299 14.842
33.048 5.022 -4.341 1.888 1.687 0.020 15.287 14.941
33.147 4.936 -4.306 1.774 1.682 0.020 15.276 15.039
33.244 4.850 -4.273 1.657 1.676 0.020 15.266 15.136
33.339 4.765 -4.242 1.539 1.671 0.020 15.256 15.231
33.433 4.681 -4.213 1.419 1.665 0.020 15.247 15.324
33.525 4.597 -4.188 1.299 1.660 0.020 15.238 15.415
33.615 4.514 -4.164 1.178 1.655 0.020 15.231 15.505
33.704 4.431 -4.143 1.059 1.650 0.020 15.223 15.594
33.791 4.349 -4.124 0.940 1.645 0.020 15.217 15.680
33.876 4.266 -4.107 0.824 1.640 0.020 15.211 15.765
33.960 4.185 -4.093 0.711 1.636 0.020 15.205 15.849
34.042 4.103 -4.081 0.600 1.631 0.020 15.200 15.931
34.122 4.022 -4.071 0.492 1.627 0.020 15.195 16.011
34.201 3.940 -4.064 0.389 1.623 0.020 15.191 16.090
34.278 3.859 -4.058 0.289 1.619 0.020 15.187 16.167
34.354 3.778 -4.054 0.193 1.615 0.020 15.184 16.242
34.428 3.697 -4.052 0.102 1.612 0.020 15.180 16.316
34.500 3.616 -4.052 0.016 1.608 0.020 15.178 16.388
34.571 3.535 -4.053 -0.066 1.605 0.020 15.175 16.459
34.640 3.454 -4.056 -0.144 1.602 0.020 15.173 16.528
34.707 3.373 -4.060 -0.216 1.599 0.020 15.171 16.596
34.773 3.291 -4.066 -0.284 1.597 0.020 15.169 16.661
34.837 3.210 -4.073 -0.347 1.594 0.020 15.167 16.726
34.900 3.128 -4.081 -0.405 1.592 0.020 15.166 16.788
34.961 3.046 -4.090 -0.458 1.590 0.020 15.165 16.849
35.020 2.964 -4.100 -0.507 1.587 0.020 15.164 16.908
35.078 2.882 -4.111 -0.551 1.586 0.020 15.163 16.966
35.134 2.800 -4.123 -0.591 1.584 0.020 15.162 17.022
35.188 2.717 -4.136 -0.626 1.582 0.020 15.161 17.076
35.241 2.634 -4.149 -0.657 1.581 0.020 15.161 17.129
35.292 2.551 -4.162 -0.683 1.579 0.020 15.160 17.180
35.341 2.467 -4.176 -0.705 1.578 0.020 15.160 17.229
35.389 2.383 -4.191 -0.724 1.577 0.020 15.160 17.277
35.435 2.299 -4.206 -0.738 1.576 0.020 15.159 17.323
35.479 2.215 -4.221 -0.748 1.575 0.020 15.159 17.367
35.522 2.130 -4.236 -0.755 1.574 0.020 15.159 17.410
35.563 2.045 -4.251 -0.757 1.573 0.020 15.159 17.451
35.602 1.960 -4.266 -0.757 1.573 0.020 15.159 17.490
35.639 1.874 -4.281 -0.752 1.572 0.020 15.159 17.527
35.675 1.788 -4.296 -0.744 1.571 0.020 15.159 17.563
35.709 1.702 -4.311 -0.733 1.571 0.020 15.159 17.597
35.741 1.616 -4.325 -0.719 1.571 0.020 15.159 17.630
35.772 1.529 -4.339 -0.701 1.570 0.020 15.159 17.660
35.801 1.442 -4.353 -0.681 1.570 0.020 15.159 17.689
35.828 1.354 -4.366 -0.657 1.570 0.020 15.159 17.716
35.853 1.267 -4.378 -0.631 1.570 0.020 15.159 17.741
35.877 1.179 -4.390 -0.602 1.570 0.020 15.159 17.765
35.899 1.091 -4.402 -0.571 1.569 0.020 15.159 17.787
35.919 1.003 -4.413 -0.537 1.569 0.020 15.159 17.807
35.937 0.914 -4.423 -0.502 1.569 0.020 15.159 17.825
35.954 0.826 -4.432 -0.464 1.569 0.020 15.159 17.842
35.968 0.737 -4.440 -0.424 1.569 0.020 15.159 17.856
35.981 0.648 -4.448 -0.383 1.569 0.020 15.159 17.869
35.992 0.559 -4.455 -0.340 1.569 0.020 15.159 17.880
36.002 0.470 -4.461 -0.296 1.569 0.020 15.159 17.890
36.009 0.380 -4.466 -0.250 1.569 0.020 15.159 17.897
36.015 0.295 -4.260 10.284 1.569 0.020 15.159 17.903
36.020 0.220 -3.774 24.327 1.569 0.020 15.159 17.908
36.023 0.155 -3.216 27.880 1.569 0.020 15.159 17.911
36.025 0.102 -2.657 27.922 1.569 0.020 15.159 17.913
36.026 0.060 -2.098 27.951 1.569 0.020 15.159 17.914
36.027 0.029 -1.539 27.969 1.569 0.020 15.159 17.915
36.027 0.010 -0.979 27.979 1.569 0.020 15.159 17.915
36.027 0.001 -0.420 27.984 1.569 0.020 15.159 17.915
36.027 0.000 -0.070 17.492 1.569 0.020 15.159 17.915
