RightScaleToSecondIntakePath
126
0.000 0.011 0.560 28.017 5.934 0.020 0.340 0.933
0.001 0.022 0.559 -0.055 5.934 0.020 0.340 0.932
0.002 0.050 1.394 41.746 5.934 0.020 0.341 0.932
0.003 0.089 1.937 27.142 5.934 0.020 0.343 0.931
0.006 0.138 2.457 26.011 5.934 0.020 0.345 0.931
0.010 0.197 2.941 24.176 5.934 0.020 0.349 0.929
0.015 0.264 3.370 21.484 5.934 0.020 0.354 0.927
0.022 0.339 3.727 17.806 5.935 0.020 0.360 0.925
0.030 0.414 3.732 0.287 5.936 0.020 0.368 0.922
0.040 0.482 3.406 -16.300 5.937 0.020 0.377 0.919
0.051 0.542 3.024 -19.102 5.938 0.020 0.387 0.915
0.063 0.594 2.590 -21.708 5.941 0.020 0.398 0.911
0.075 0.636 2.108 -24.120 5.944 0.020 0.410 0.907
0.089 0.668 1.581 -26.344 5.949 0.020 0.423 0.903
0.103 0.688 1.013 -28.382 5.955 0.020 0.436 0.898
0.117 0.696 0.409 -30.226 5.963 0.020 0.449 0.894
0.130 0.692 -0.228 -31.838 5.972 0.020 0.462 0.889
0.144 0.674 -0.891 -33.132 5.984 0.020 0.475 0.885
0.157 0.642 -1.570 -33.954 5.998 0.020 0.488 0.882
0.169 0.597 -2.251 -34.050 6.015 0.020 0.499 0.878
0.179 0.539 -2.912 -33.034 6.035 0.020 0.509 0.876
0.189 0.469 -3.519 -30.371 6.058 0.020 0.519 0.873
0.197 0.388 -4.026 -25.364 6.084 0.020 0.526 0.872
0.203 0.301 -4.370 -17.188 6.114 0.020 0.532 0.871
0.207 0.211 -4.470 -5.006 6.148 0.020 0.536 0.870
0.209 0.127 -4.233 11.833 6.185 0.020 0.539 0.870
0.210 0.055 -3.564 33.464 6.226 0.020 0.540 0.870
0.211 0.008 -2.381 59.140 6.269 0.020 0.540 0.870
0.211 0.005 -0.143 111.915 0.031 0.020 0.540 0.870
0.211 0.028 1.136 63.946 0.077 0.020 0.540 0.870
0.214 0.115 4.363 161.337 0.124 0.020 0.543 0.870
0.219 0.263 7.391 151.406 0.169 0.020 0.548 0.871
0.228 0.474 10.544 157.666 0.212 0.020 0.557 0.872
0.243 0.747 13.670 156.291 0.251 0.020 0.572 0.876
0.265 1.081 16.686 150.827 0.285 0.020 0.593 0.882
0.294 1.473 19.617 146.508 0.314 0.020 0.621 0.890
0.333 1.925 22.605 149.400 0.334 0.020 0.657 0.903
0.382 2.444 25.924 165.991 0.347 0.020 0.703 0.919
0.442 3.001 27.875 97.553 0.349 0.020 0.760 0.940
0.503 3.050 2.446 -1271.449 0.353 0.020 0.817 0.961
0.561 2.911 -6.939 -469.262 0.361 0.020 0.872 0.981
0.616 2.753 -7.899 -48.006 0.374 0.020 0.923 1.001
0.667 2.572 -9.070 -58.543 0.393 0.020 0.971 1.020
0.715 2.363 -10.450 -69.023 0.417 0.020 1.014 1.038
0.757 2.123 -12.004 -77.704 0.449 0.020 1.053 1.056
0.794 1.850 -13.633 -81.452 0.487 0.020 1.086 1.073
0.825 1.547 -15.137 -75.166 0.534 0.020 1.113 1.088
0.850 1.224 -16.168 -51.554 0.589 0.020 1.134 1.101
0.868 0.900 -16.212 -2.199 0.652 0.020 1.148 1.111
0.880 0.607 -14.637 78.733 0.723 0.020 1.158 1.119
0.887 0.389 -10.885 187.624 0.800 0.020 1.163 1.124
0.893 0.294 -4.793 304.603 0.881 0.020 1.167 1.129
0.900 0.356 3.109 395.057 0.962 0.020 1.171 1.134
0.912 0.588 11.623 425.722 1.040 0.020 1.178 1.144
0.932 0.975 19.362 386.958 1.113 0.020 1.187 1.162
0.961 1.481 25.267 295.239 1.177 0.020 1.199 1.189
1.003 2.060 28.980 185.663 1.231 0.020 1.214 1.227
1.056 2.680 30.972 99.601 1.273 0.020 1.231 1.278
1.123 3.322 32.085 55.654 1.304 0.020 1.249 1.342
1.202 3.987 33.271 59.280 1.322 0.020 1.269 1.419
1.295 4.654 33.369 4.918 1.327 0.020 1.292 1.509
1.377 4.091 -28.185 -3077.695 1.344 0.020 1.311 1.589
1.438 3.012 -53.918 -1286.656 1.382 0.020 1.324 1.648
1.478 2.007 -50.280 181.867 1.441 0.020 1.330 1.687
1.499 1.085 -46.077 210.151 1.518 0.020 1.332 1.709
1.506 0.318 -38.373 385.231 1.609 0.020 1.332 1.715
1.509 0.188 -6.462 1595.526 1.710 0.020 1.333 1.712
1.516 0.348 7.955 720.867 1.812 0.020 1.334 1.705
1.520 0.158 -9.475 -871.482 1.910 0.020 1.335 1.702
1.525 0.289 6.559 801.695 1.997 0.020 1.333 1.707
1.543 0.865 28.773 1110.701 2.070 0.020 1.325 1.722
1.572 1.462 29.852 53.908 2.130 0.020 1.310 1.748
1.612 2.019 27.863 -99.405 2.176 0.020 1.288 1.781
1.663 2.512 24.671 -159.629 2.211 0.020 1.259 1.822
1.721 2.940 21.389 -164.072 2.235 0.020 1.223 1.869
1.788 3.311 18.541 -142.435 2.250 0.020 1.181 1.921
1.860 3.637 16.299 -112.079 2.257 0.020 1.136 1.977
1.939 3.930 14.670 -81.455 2.256 0.020 1.086 2.038
2.023 4.202 13.587 -54.146 2.248 0.020 1.033 2.103
2.112 4.461 12.956 -31.570 2.233 0.020 0.977 2.173
2.206 4.715 12.666 -14.506 2.210 0.020 0.920 2.248
2.306 4.966 12.588 -3.884 2.181 0.020 0.862 2.328
2.410 5.218 12.565 -1.137 2.145 0.020 0.804 2.415
2.519 5.466 12.401 -8.198 2.102 0.020 0.746 2.508
2.634 5.703 11.860 -27.050 2.053 0.020 0.691 2.608
2.752 5.917 10.686 -58.688 1.998 0.020 0.639 2.714
2.874 6.090 8.656 -101.545 1.937 0.020 0.592 2.826
2.998 6.203 5.656 -149.970 1.872 0.020 0.551 2.944
3.122 6.238 1.775 -194.045 1.805 0.020 0.518 3.064
3.246 6.185 -2.665 -221.996 1.736 0.020 0.494 3.185
3.367 6.042 -7.163 -224.918 1.669 0.020 0.478 3.305
3.483 5.818 -11.187 -201.179 1.605 0.020 0.470 3.421
3.594 5.531 -14.332 -157.268 1.545 0.020 0.470 3.532
3.698 5.203 -16.420 -104.397 1.489 0.020 0.475 3.636
3.795 4.853 -17.489 -53.466 1.439 0.020 0.486 3.732
3.885 4.499 -17.721 -11.598 1.394 0.020 0.499 3.821
3.968 4.152 -17.350 18.554 1.354 0.020 0.516 3.902
4.045 3.820 -16.598 37.614 1.319 0.020 0.533 3.977
4.115 3.507 -15.641 47.820 1.289 0.020 0.552 4.044
4.179 3.215 -14.606 51.756 1.262 0.020 0.571 4.106
4.238 2.943 -13.573 51.679 1.240 0.020 0.589 4.162
4.292 2.692 -12.587 49.292 1.220 0.020 0.607 4.213
4.341 2.458 -11.672 45.762 1.204 0.020 0.625 4.259
4.386 2.242 -10.835 41.829 1.190 0.020 0.641 4.300
4.426 2.040 -10.076 37.925 1.178 0.020 0.656 4.338
4.464 1.852 -9.391 34.280 1.168 0.020 0.671 4.372
4.497 1.677 -8.771 30.991 1.160 0.020 0.684 4.403
4.527 1.513 -8.209 28.078 1.154 0.020 0.696 4.431
4.554 1.359 -7.699 25.514 1.149 0.020 0.707 4.456
4.579 1.214 -7.234 23.249 1.145 0.020 0.717 4.478
4.600 1.078 -6.810 21.221 1.142 0.020 0.726 4.497
4.619 0.949 -6.423 19.363 1.139 0.020 0.734 4.515
4.636 0.828 -6.070 17.614 1.138 0.020 0.741 4.530
4.650 0.713 -5.752 15.916 1.136 0.020 0.747 4.543
4.662 0.604 -5.468 14.221 1.136 0.020 0.752 4.553
4.672 0.499 -5.218 12.489 1.135 0.020 0.756 4.563
4.680 0.399 -5.004 10.694 1.135 0.020 0.760 4.570
4.686 0.307 -4.624 18.993 1.135 0.020 0.762 4.575
4.691 0.227 -4.005 30.932 1.135 0.020 0.764 4.579
4.694 0.159 -3.352 32.678 1.134 0.020 0.765 4.582
4.696 0.105 -2.735 30.837 1.134 0.020 0.766 4.584
4.697 0.062 -2.144 29.554 1.134 0.020 0.767 4.585
4.698 0.031 -1.569 28.735 1.134 0.020 0.767 4.586
4.698 0.010 -1.004 28.280 1.134 0.020 0.767 4.586
4.698 0.002 -0.442 28.079 1.134 0.020 0.767 4.586
4.698 0.000 -0.081 18.060 1.134 0.020 0.767 4.586
0.000 0.011 0.560 28.017 5.934 0.020 -0.339 -0.933
0.001 0.022 0.561 0.055 5.934 0.020 -0.339 -0.933
0.002 0.051 1.408 42.305 5.934 0.020 -0.338 -0.933
0.003 0.090 1.985 28.892 5.934 0.020 -0.336 -0.934
0.006 0.142 2.586 30.023 5.934 0.020 -0.334 -0.935
0.010 0.206 3.223 31.858 5.934 0.020 -0.330 -0.936
0.016 0.285 3.914 34.550 5.934 0.020 -0.324 -0.938
0.024 0.378 4.679 38.228 5.935 0.020 -0.317 -0.941
0.033 0.483 5.233 27.730 5.936 0.020 -0.308 -0.944
0.045 0.594 5.559 16.300 5.937 0.020 -0.297 -0.948
0.059 0.713 5.941 19.102 5.938 0.020 -0.284 -0.953
0.076 0.840 6.375 21.708 5.941 0.020 -0.268 -0.959
0.096 0.978 6.858 24.120 5.944 0.020 -0.249 -0.965
0.118 1.125 7.385 26.343 5.949 0.020 -0.228 -0.972
0.144 1.284 7.952 28.381 5.955 0.020 -0.204 -0.981
0.173 1.456 8.557 30.224 5.963 0.020 -0.176 -0.990
0.206 1.639 9.193 31.835 5.972 0.020 -0.145 -1.000
0.243 1.837 9.856 33.128 5.984 0.020 -0.110 -1.011
0.284 2.047 10.535 33.948 5.998 0.020 -0.071 -1.023
0.329 2.272 11.216 34.041 6.015 0.020 -0.027 -1.036
0.379 2.509 11.876 33.023 6.035 0.020 0.021 -1.048
0.434 2.759 12.483 30.357 6.058 0.020 0.075 -1.061
0.495 3.019 12.990 25.347 6.084 0.020 0.134 -1.074
0.560 3.285 13.334 17.170 6.114 0.020 0.199 -1.086
0.631 3.554 13.433 4.987 6.148 0.020 0.269 -1.097
0.708 3.818 13.196 -11.849 6.185 0.020 0.345 -1.106
0.789 4.068 12.527 -33.475 6.226 0.020 0.426 -1.112
0.875 4.295 11.344 -59.140 6.269 0.020 0.512 -1.115
0.965 4.487 9.605 -86.936 0.031 0.020 0.601 -1.114
1.058 4.634 7.329 -113.847 0.077 0.020 0.694 -1.109
1.152 4.726 4.602 -136.325 0.124 0.020 0.788 -1.100
1.247 4.757 1.575 -151.348 0.169 0.020 0.882 -1.086
1.342 4.726 -1.577 -157.603 0.212 0.020 0.975 -1.068
1.434 4.632 -4.702 -156.233 0.251 0.020 1.065 -1.047
1.524 4.478 -7.717 -150.783 0.285 0.020 1.151 -1.023
1.609 4.265 -10.647 -146.483 0.314 0.020 1.233 -0.998
1.689 3.992 -13.635 -149.400 0.334 0.020 1.309 -0.972
1.762 3.653 -16.955 -166.024 0.347 0.020 1.377 -0.948
1.828 3.275 -18.908 -97.635 0.349 0.020 1.439 -0.925
1.896 3.405 6.519 1271.354 0.353 0.020 1.503 -0.902
1.970 3.723 15.903 469.228 0.361 0.020 1.573 -0.876
2.051 4.060 16.863 47.967 0.374 0.020 1.649 -0.847
2.140 4.421 18.033 58.490 0.393 0.020 1.731 -0.814
2.236 4.809 19.412 68.952 0.417 0.020 1.819 -0.776
2.341 5.228 20.964 77.609 0.449 0.020 1.914 -0.732
2.454 5.680 22.590 81.330 0.487 0.020 2.015 -0.681
2.577 6.162 24.091 75.016 0.534 0.020 2.123 -0.621
2.711 6.664 25.119 51.389 0.589 0.020 2.236 -0.550
2.854 7.168 25.160 2.049 0.652 0.020 2.352 -0.467
3.007 7.639 23.583 -78.813 0.723 0.020 2.471 -0.370
3.168 8.036 19.832 -187.564 0.800 0.020 2.587 -0.259
3.334 8.311 13.745 -304.346 0.881 0.020 2.698 -0.135
3.502 8.428 5.853 -394.613 0.962 0.020 2.800 -0.001
3.670 8.375 -2.651 -425.208 1.040 0.020 2.890 0.140
3.833 8.167 -10.382 -386.520 1.113 0.020 2.967 0.284
3.990 7.830 -16.841 -322.974 1.177 0.020 3.032 0.427
4.138 7.397 -21.673 -241.608 1.231 0.020 3.085 0.565
4.276 6.901 -24.788 -155.714 1.273 0.020 3.128 0.696
4.403 6.361 -27.025 -111.871 1.304 0.020 3.164 0.818
4.518 5.774 -29.336 -115.557 1.322 0.020 3.193 0.930
4.622 5.163 -30.561 -61.258 1.327 0.020 3.218 1.030
4.737 5.760 29.860 3021.077 1.344 0.020 3.245 1.142
4.874 6.841 54.055 1209.740 1.382 0.020 3.273 1.276
5.030 7.819 48.884 -258.569 1.441 0.020 3.298 1.430
5.204 8.690 43.550 -266.665 1.518 0.020 3.314 1.603
5.392 9.384 34.726 -441.217 1.609 0.020 3.316 1.791
5.587 9.795 20.553 -708.664 1.710 0.020 3.299 1.986
5.784 9.838 2.110 -922.115 1.812 0.020 3.261 2.179
5.974 9.509 -16.413 -926.166 1.910 0.020 3.207 2.362
6.152 8.901 -30.405 -699.623 1.997 0.020 3.140 2.527
6.315 8.150 -37.535 -356.467 2.070 0.020 3.068 2.673
6.463 7.375 -38.781 -62.325 2.130 0.020 2.993 2.800
6.596 6.639 -36.803 98.930 2.176 0.020 2.920 2.911
6.715 5.966 -33.619 159.202 2.211 0.020 2.850 3.008
6.822 5.360 -30.344 163.745 2.235 0.020 2.785 3.093
6.918 4.810 -27.500 142.201 2.250 0.020 2.725 3.168
7.004 4.304 -25.261 111.913 2.257 0.020 2.671 3.235
7.081 3.832 -23.635 81.336 2.256 0.020 2.622 3.294
7.149 3.381 -22.554 54.056 2.248 0.020 2.580 3.347
7.208 2.942 -21.924 31.496 2.233 0.020 2.543 3.393
7.258 2.509 -21.635 14.442 2.210 0.020 2.513 3.433
7.299 2.078 -21.558 3.825 2.181 0.020 2.489 3.466
7.332 1.647 -21.537 1.083 2.145 0.020 2.470 3.494
7.357 1.220 -21.374 8.153 2.102 0.020 2.457 3.514
7.373 0.803 -20.833 27.022 2.053 0.020 2.449 3.528
7.381 0.410 -19.659 58.691 1.998 0.020 2.446 3.536
7.382 0.058 -17.627 101.630 1.937 0.020 2.445 3.537
7.387 0.235 8.867 1324.689 1.872 0.020 2.447 3.532
7.396 0.450 10.743 93.802 1.805 0.020 2.449 3.524
7.407 0.576 6.300 -222.141 1.736 0.020 2.451 3.512
7.420 0.612 1.799 -225.059 1.669 0.020 2.453 3.500
7.431 0.567 -2.227 -201.287 1.605 0.020 2.454 3.489
7.440 0.460 -5.373 -157.328 1.545 0.020 2.454 3.480
7.446 0.311 -7.461 -104.410 1.489 0.020 2.454 3.473
7.449 0.140 -8.530 -53.442 1.439 0.020 2.453 3.471
7.450 0.035 -5.234 164.801 1.394 0.020 2.453 3.471
7.454 0.203 8.389 681.169 1.354 0.020 2.454 3.475
7.461 0.356 7.636 -37.651 1.319 0.020 2.456 3.482
7.471 0.489 6.679 -47.863 1.289 0.020 2.458 3.492
7.483 0.602 5.643 -51.792 1.262 0.020 2.462 3.503
7.497 0.694 4.609 -51.708 1.240 0.020 2.466 3.516
7.512 0.767 3.623 -49.314 1.220 0.020 2.471 3.531
7.528 0.821 2.707 -45.779 1.204 0.020 2.477 3.546
7.546 0.858 1.870 -41.841 1.190 0.020 2.483 3.562
7.563 0.881 1.111 -37.935 1.178 0.020 2.490 3.579
7.581 0.889 0.426 -34.287 1.168 0.020 2.497 3.595
7.599 0.885 -0.194 -30.996 1.160 0.020 2.504 3.611
7.616 0.870 -0.756 -28.081 1.154 0.020 2.511 3.627
7.633 0.845 -1.266 -25.517 1.149 0.020 2.518 3.643
7.649 0.810 -1.731 -23.251 1.145 0.020 2.525 3.657
7.665 0.767 -2.156 -21.222 1.142 0.020 2.531 3.671
7.679 0.716 -2.543 -19.364 1.139 0.020 2.537 3.684
7.692 0.658 -2.895 -17.614 1.138 0.020 2.542 3.696
7.704 0.594 -3.214 -15.916 1.136 0.020 2.547 3.707
7.714 0.524 -3.498 -14.221 1.136 0.020 2.552 3.717
7.723 0.449 -3.748 -12.489 1.135 0.020 2.556 3.725
7.731 0.370 -3.962 -10.694 1.135 0.020 2.559 3.731
7.737 0.291 -3.943 0.934 1.135 0.020 2.561 3.737
7.741 0.219 -3.603 17.011 1.135 0.020 2.563 3.741
7.744 0.156 -3.136 23.356 1.134 0.020 2.564 3.743
7.746 0.104 -2.632 25.197 1.134 0.020 2.565 3.745
7.747 0.062 -2.102 26.480 1.134 0.020 2.566 3.746
7.748 0.030 -1.556 27.299 1.134 0.020 2.566 3.747
7.748 0.010 -1.001 27.754 1.134 0.020 2.566 3.747
7.748 0.002 -0.442 27.955 1.134 0.020 2.566 3.747
7.748 0.000 -0.081 18.048 1.134 0.020 2.566 3.747
