RightSecondCubeToScalePath
123
0.000 0.011 0.556 27.778 5.934 0.020 0.340 0.933
0.001 0.022 0.556 -0.001 5.934 0.020 0.340 0.932
0.002 0.050 1.389 41.661 5.934 0.020 0.341 0.932
0.003 0.089 1.944 27.760 5.934 0.020 0.343 0.931
0.006 0.139 2.499 27.736 5.934 0.020 0.345 0.931
0.010 0.200 3.053 27.697 5.934 0.020 0.349 0.929
0.016 0.272 3.605 27.638 5.934 0.020 0.354 0.927
0.023 0.355 4.156 27.556 5.934 0.020 0.361 0.925
0.032 0.444 4.428 13.583 5.934 0.020 0.369 0.922
0.042 0.532 4.421 -0.375 5.934 0.020 0.379 0.918
0.055 0.620 4.412 -0.455 5.934 0.020 0.391 0.914
0.069 0.708 4.401 -0.538 5.934 0.020 0.404 0.909
0.085 0.796 4.388 -0.625 5.934 0.020 0.419 0.904
0.102 0.884 4.374 -0.715 5.934 0.020 0.436 0.898
0.122 0.971 4.358 -0.810 5.935 0.020 0.454 0.891
0.143 1.058 4.340 -0.909 5.935 0.020 0.474 0.884
0.166 1.144 4.319 -1.014 5.935 0.020 0.495 0.876
0.190 1.230 4.297 -1.125 5.935 0.020 0.518 0.868
0.217 1.315 4.272 -1.242 5.936 0.020 0.543 0.859
0.245 1.400 4.245 -1.366 5.936 0.020 0.569 0.849
0.274 1.484 4.215 -1.498 5.937 0.020 0.597 0.839
0.306 1.568 4.182 -1.638 5.937 0.020 0.627 0.828
0.339 1.651 4.146 -1.788 5.938 0.020 0.658 0.817
0.373 1.733 4.107 -1.947 5.939 0.020 0.691 0.805
0.410 1.815 4.065 -2.118 5.940 0.020 0.725 0.793
0.448 1.895 4.019 -2.301 5.941 0.020 0.760 0.780
0.487 1.974 3.969 -2.498 5.943 0.020 0.798 0.767
0.528 2.053 3.915 -2.710 5.944 0.020 0.836 0.754
0.571 2.130 3.856 -2.940 5.946 0.020 0.877 0.739
0.615 2.206 3.792 -3.188 5.948 0.020 0.918 0.725
0.660 2.280 3.723 -3.457 5.951 0.020 0.961 0.710
0.708 2.353 3.648 -3.750 5.953 0.020 1.006 0.695
0.756 2.424 3.567 -4.070 5.957 0.020 1.052 0.679
0.806 2.494 3.478 -4.421 5.960 0.020 1.099 0.663
0.857 2.561 3.382 -4.805 5.964 0.020 1.148 0.647
0.910 2.627 3.278 -5.227 5.968 0.020 1.197 0.631
0.963 2.690 3.164 -5.692 5.973 0.020 1.249 0.614
1.018 2.751 3.040 -6.204 5.979 0.020 1.301 0.597
1.075 2.809 2.904 -6.770 5.985 0.020 1.355 0.581
1.132 2.864 2.756 -7.394 5.992 0.020 1.410 0.564
1.190 2.916 2.595 -8.083 5.999 0.020 1.465 0.547
1.250 2.965 2.418 -8.841 6.007 0.020 1.522 0.531
1.310 3.009 2.224 -9.674 6.017 0.020 1.580 0.515
1.371 3.049 2.013 -10.585 6.027 0.020 1.639 0.499
1.432 3.085 1.781 -11.575 6.038 0.020 1.699 0.484
1.495 3.115 1.528 -12.640 6.050 0.020 1.760 0.469
1.558 3.141 1.253 -13.772 6.064 0.020 1.821 0.455
1.621 3.160 0.954 -14.952 6.079 0.020 1.883 0.442
1.684 3.172 0.631 -16.150 6.096 0.020 1.945 0.429
1.748 3.178 0.285 -17.317 6.114 0.020 2.007 0.418
1.811 3.176 -0.083 -18.379 6.135 0.020 2.070 0.408
1.875 3.167 -0.468 -19.229 6.157 0.020 2.133 0.399
1.938 3.150 -0.862 -19.721 6.181 0.020 2.195 0.392
2.000 3.125 -1.255 -19.657 6.208 0.020 2.258 0.387
2.062 3.088 -1.817 -28.106 6.237 0.020 2.319 0.383
2.123 3.038 -2.496 -33.922 6.268 0.020 2.380 0.381
2.182 2.977 -3.056 -28.025 0.019 0.020 2.440 0.381
2.240 2.908 -3.466 -20.511 0.055 0.020 2.498 0.383
2.297 2.834 -3.696 -11.472 0.094 0.020 2.554 0.387
2.352 2.760 -3.721 -1.248 0.134 0.020 2.609 0.394
2.406 2.688 -3.556 8.247 0.177 0.020 2.662 0.402
2.458 2.622 -3.331 11.252 0.221 0.020 2.714 0.412
2.510 2.564 -2.893 21.907 0.265 0.020 2.763 0.425
2.560 2.520 -2.185 35.395 0.310 0.020 2.812 0.439
2.610 2.492 -1.434 37.523 0.355 0.020 2.859 0.455
2.659 2.477 -0.716 35.896 0.398 0.020 2.905 0.473
2.709 2.475 -0.101 30.753 0.441 0.020 2.950 0.494
2.759 2.482 0.355 22.806 0.482 0.020 2.995 0.516
2.808 2.495 0.642 14.387 0.521 0.020 3.038 0.540
2.859 2.513 0.887 12.247 0.558 0.020 3.081 0.566
2.909 2.535 1.092 10.224 0.592 0.020 3.124 0.593
2.961 2.558 1.154 3.119 0.625 0.020 3.166 0.622
3.012 2.580 1.102 -2.617 0.655 0.020 3.207 0.653
3.064 2.599 0.962 -7.001 0.683 0.020 3.248 0.685
3.116 2.614 0.759 -10.155 0.708 0.020 3.288 0.719
3.169 2.624 0.514 -12.260 0.732 0.020 3.328 0.754
3.222 2.629 0.243 -13.514 0.754 0.020 3.366 0.789
3.274 2.629 -0.039 -14.109 0.774 0.020 3.404 0.826
3.327 2.622 -0.323 -14.212 0.793 0.020 3.442 0.863
3.379 2.610 -0.602 -13.966 0.810 0.020 3.478 0.900
3.431 2.593 -0.872 -13.483 0.825 0.020 3.513 0.938
3.482 2.570 -1.129 -12.849 0.840 0.020 3.548 0.976
3.533 2.543 -1.372 -12.132 0.853 0.020 3.582 1.014
3.583 2.511 -1.599 -11.377 0.864 0.020 3.614 1.052
3.633 2.474 -1.812 -10.620 0.875 0.020 3.646 1.090
3.681 2.434 -2.009 -9.882 0.885 0.020 3.677 1.127
3.729 2.390 -2.193 -9.177 0.894 0.020 3.707 1.164
3.776 2.343 -2.363 -8.516 0.902 0.020 3.737 1.201
3.822 2.293 -2.521 -7.902 0.909 0.020 3.765 1.237
3.867 2.239 -2.668 -7.337 0.915 0.020 3.792 1.273
3.910 2.183 -2.804 -6.820 0.921 0.020 3.819 1.307
3.953 2.125 -2.931 -6.349 0.927 0.020 3.844 1.341
3.994 2.064 -3.050 -5.921 0.931 0.020 3.869 1.374
4.034 2.000 -3.160 -5.534 0.935 0.020 3.893 1.406
4.073 1.935 -3.264 -5.182 0.939 0.020 3.916 1.438
4.110 1.868 -3.361 -4.864 0.942 0.020 3.938 1.468
4.146 1.799 -3.453 -4.574 0.945 0.020 3.959 1.497
4.181 1.728 -3.539 -4.309 0.948 0.020 3.979 1.525
4.214 1.656 -3.620 -4.066 0.950 0.020 3.999 1.552
4.245 1.582 -3.697 -3.840 0.952 0.020 4.017 1.578
4.275 1.506 -3.770 -3.630 0.953 0.020 4.034 1.602
4.304 1.430 -3.838 -3.432 0.955 0.020 4.051 1.626
4.331 1.351 -3.903 -3.243 0.956 0.020 4.066 1.648
4.357 1.272 -3.964 -3.061 0.957 0.020 4.081 1.668
4.380 1.192 -4.022 -2.883 0.958 0.020 4.095 1.688
4.403 1.110 -4.076 -2.708 0.958 0.020 4.108 1.706
4.423 1.028 -4.127 -2.533 0.959 0.020 4.119 1.723
4.442 0.944 -4.174 -2.357 0.959 0.020 4.130 1.738
4.459 0.860 -4.218 -2.179 0.959 0.020 4.140 1.752
4.475 0.775 -4.258 -1.998 0.960 0.020 4.149 1.765
4.488 0.689 -4.294 -1.812 0.960 0.020 4.157 1.776
4.501 0.602 -4.326 -1.623 0.960 0.020 4.164 1.786
4.511 0.515 -4.355 -1.429 0.960 0.020 4.170 1.795
4.519 0.428 -4.379 -1.230 0.960 0.020 4.175 1.802
4.526 0.341 -4.354 1.281 0.960 0.020 4.179 1.807
4.531 0.260 -4.047 15.362 0.960 0.020 4.182 1.812
4.535 0.190 -3.503 27.173 0.960 0.020 4.184 1.815
4.538 0.130 -2.955 27.398 0.960 0.020 4.185 1.817
4.539 0.082 -2.404 27.559 0.960 0.020 4.186 1.818
4.540 0.045 -1.851 27.666 0.960 0.020 4.187 1.819
4.541 0.019 -1.296 27.731 0.960 0.020 4.187 1.819
4.541 0.005 -0.741 27.763 0.960 0.020 4.187 1.819
4.541 0.000 -0.232 25.462 0.960 0.020 4.187 1.819
0.000 0.011 0.556 27.778 5.934 0.020 -0.339 -0.933
0.001 0.022 0.556 0.001 5.934 0.020 -0.339 -0.933
0.002 0.050 1.389 41.673 5.934 0.020 -0.338 -0.933
0.003 0.089 1.945 27.796 5.934 0.020 -0.336 -0.934
0.006 0.139 2.501 27.820 5.934 0.020 -0.334 -0.935
0.010 0.200 3.059 27.859 5.934 0.020 -0.330 -0.936
0.016 0.272 3.617 27.918 5.934 0.020 -0.325 -0.938
0.023 0.356 4.177 28.000 5.934 0.020 -0.318 -0.940
0.032 0.445 4.461 14.195 5.934 0.020 -0.310 -0.943
0.042 0.535 4.468 0.375 5.934 0.020 -0.300 -0.947
0.055 0.624 4.477 0.455 5.934 0.020 -0.288 -0.951
0.069 0.714 4.488 0.538 5.934 0.020 -0.275 -0.956
0.085 0.804 4.501 0.625 5.934 0.020 -0.259 -0.962
0.103 0.894 4.515 0.715 5.934 0.020 -0.243 -0.968
0.123 0.985 4.531 0.810 5.935 0.020 -0.224 -0.975
0.144 1.076 4.549 0.909 5.935 0.020 -0.204 -0.982
0.168 1.167 4.570 1.014 5.935 0.020 -0.182 -0.990
0.193 1.259 4.592 1.125 5.935 0.020 -0.158 -0.998
0.220 1.351 4.617 1.242 5.936 0.020 -0.133 -1.008
0.249 1.444 4.644 1.366 5.936 0.020 -0.106 -1.017
0.279 1.538 4.674 1.498 5.937 0.020 -0.077 -1.028
0.312 1.632 4.707 1.638 5.937 0.020 -0.046 -1.039
0.347 1.727 4.743 1.788 5.938 0.020 -0.014 -1.051
0.383 1.822 4.782 1.947 5.939 0.020 0.021 -1.063
0.421 1.919 4.824 2.118 5.940 0.020 0.057 -1.076
0.462 2.016 4.870 2.301 5.941 0.020 0.095 -1.090
0.504 2.115 4.920 2.498 5.943 0.020 0.135 -1.104
0.548 2.214 4.974 2.710 5.944 0.020 0.176 -1.118
0.595 2.315 5.033 2.940 5.946 0.020 0.220 -1.134
0.643 2.417 5.097 3.188 5.948 0.020 0.266 -1.150
0.693 2.520 5.166 3.457 5.951 0.020 0.313 -1.166
0.746 2.625 5.241 3.750 5.953 0.020 0.363 -1.183
0.800 2.731 5.322 4.070 5.957 0.020 0.415 -1.201
0.857 2.840 5.411 4.420 5.960 0.020 0.469 -1.219
0.916 2.950 5.507 4.804 5.964 0.020 0.524 -1.238
0.977 3.062 5.611 5.226 5.968 0.020 0.583 -1.257
1.041 3.176 5.725 5.691 5.973 0.020 0.643 -1.276
1.107 3.293 5.849 6.203 5.979 0.020 0.706 -1.296
1.175 3.413 5.985 6.769 5.985 0.020 0.771 -1.316
1.246 3.536 6.132 7.393 5.992 0.020 0.839 -1.337
1.319 3.662 6.294 8.081 5.999 0.020 0.909 -1.358
1.395 3.791 6.471 8.839 6.007 0.020 0.982 -1.379
1.473 3.924 6.664 9.672 6.017 0.020 1.057 -1.400
1.555 4.062 6.876 10.582 6.027 0.020 1.136 -1.421
1.639 4.204 7.107 11.571 6.038 0.020 1.217 -1.442
1.726 4.351 7.360 12.635 6.050 0.020 1.302 -1.462
1.816 4.504 7.635 13.766 6.064 0.020 1.390 -1.482
1.909 4.663 7.934 14.945 6.079 0.020 1.481 -1.502
2.006 4.828 8.257 16.142 6.096 0.020 1.576 -1.521
2.106 5.000 8.603 17.307 6.114 0.020 1.674 -1.539
2.209 5.179 8.971 18.366 6.135 0.020 1.776 -1.555
2.317 5.366 9.355 19.215 6.157 0.020 1.883 -1.570
2.428 5.561 9.749 19.704 6.181 0.020 1.993 -1.582
2.543 5.764 10.142 19.637 6.208 0.020 2.108 -1.593
2.662 5.967 10.148 0.309 6.237 0.020 2.227 -1.600
2.786 6.161 9.715 -21.650 6.268 0.020 2.350 -1.604
2.912 6.345 9.164 -27.544 0.019 0.020 2.477 -1.603
3.043 6.514 8.463 -35.053 0.055 0.020 2.607 -1.599
3.176 6.666 7.581 -44.085 0.094 0.020 2.740 -1.589
3.312 6.795 6.495 -54.299 0.134 0.020 2.875 -1.573
3.450 6.898 5.127 -68.409 0.177 0.020 3.012 -1.552
3.589 6.961 3.144 -99.173 0.221 0.020 3.148 -1.524
3.729 6.982 1.040 -105.191 0.265 0.020 3.284 -1.491
3.868 6.966 -0.778 -90.901 0.310 0.020 3.417 -1.451
4.006 6.913 -2.639 -93.028 0.355 0.020 3.548 -1.406
4.143 6.824 -4.467 -91.404 0.398 0.020 3.675 -1.356
4.277 6.700 -6.192 -86.268 0.441 0.020 3.797 -1.301
4.408 6.545 -7.759 -78.332 0.482 0.020 3.914 -1.243
4.535 6.364 -9.065 -65.298 0.521 0.020 4.026 -1.182
4.658 6.168 -9.773 -35.396 0.558 0.020 4.132 -1.119
4.778 5.969 -9.977 -10.233 0.592 0.020 4.232 -1.054
4.893 5.768 -10.040 -3.132 0.625 0.020 4.327 -0.988
5.004 5.568 -9.988 2.602 0.655 0.020 4.416 -0.921
5.112 5.371 -9.848 6.985 0.683 0.020 4.500 -0.855
5.215 5.178 -9.646 10.139 0.708 0.020 4.580 -0.788
5.315 4.990 -9.401 12.245 0.732 0.020 4.655 -0.722
5.411 4.808 -9.131 13.501 0.754 0.020 4.726 -0.657
5.504 4.631 -8.849 14.097 0.774 0.020 4.792 -0.593
5.593 4.459 -8.565 14.202 0.793 0.020 4.856 -0.530
5.679 4.294 -8.286 13.957 0.810 0.020 4.915 -0.469
5.762 4.133 -8.016 13.475 0.825 0.020 4.972 -0.408
5.841 3.978 -7.759 12.843 0.840 0.020 5.025 -0.350
5.918 3.828 -7.517 12.126 0.853 0.020 5.076 -0.292
5.991 3.682 -7.289 11.373 0.864 0.020 5.124 -0.236
6.062 3.540 -7.077 10.616 0.875 0.020 5.170 -0.182
6.130 3.403 -6.879 9.878 0.885 0.020 5.213 -0.130
6.196 3.269 -6.696 9.175 0.894 0.020 5.254 -0.079
6.259 3.138 -6.526 8.514 0.902 0.020 5.294 -0.030
6.319 3.011 -6.368 7.900 0.909 0.020 5.331 0.017
6.376 2.887 -6.221 7.335 0.915 0.020 5.366 0.063
6.432 2.765 -6.084 6.818 0.921 0.020 5.400 0.107
6.485 2.646 -5.958 6.348 0.927 0.020 5.432 0.149
6.535 2.529 -5.839 5.920 0.931 0.020 5.462 0.190
6.584 2.414 -5.728 5.533 0.935 0.020 5.491 0.228
6.630 2.302 -5.625 5.182 0.939 0.020 5.518 0.266
6.673 2.191 -5.528 4.863 0.942 0.020 5.544 0.301
6.715 2.083 -5.436 4.573 0.945 0.020 5.568 0.335
6.755 1.976 -5.350 4.309 0.948 0.020 5.591 0.367
6.792 1.870 -5.269 4.065 0.950 0.020 5.613 0.397
6.827 1.766 -5.192 3.840 0.952 0.020 5.634 0.426
6.861 1.664 -5.119 3.630 0.953 0.020 5.653 0.453
6.892 1.563 -5.051 3.432 0.955 0.020 5.671 0.479
6.921 1.463 -4.986 3.243 0.956 0.020 5.688 0.502
6.948 1.365 -4.925 3.061 0.957 0.020 5.704 0.525
6.974 1.268 -4.867 2.883 0.958 0.020 5.718 0.546
6.997 1.171 -4.813 2.708 0.958 0.020 5.732 0.565
7.019 1.076 -4.762 2.533 0.959 0.020 5.744 0.582
7.038 0.982 -4.715 2.357 0.959 0.020 5.755 0.598
7.056 0.888 -4.671 2.179 0.959 0.020 5.765 0.613
7.072 0.796 -4.631 1.998 0.960 0.020 5.775 0.626
7.086 0.704 -4.595 1.812 0.960 0.020 5.783 0.637
7.098 0.613 -4.563 1.623 0.960 0.020 5.790 0.647
7.109 0.522 -4.534 1.429 0.960 0.020 5.796 0.656
7.117 0.432 -4.510 1.230 0.960 0.020 5.801 0.663
7.124 0.343 -4.443 3.346 0.960 0.020 5.805 0.669
7.130 0.261 -4.102 17.043 0.960 0.020 5.808 0.673
7.133 0.190 -3.534 28.383 0.960 0.020 5.810 0.676
7.136 0.131 -2.971 28.158 0.960 0.020 5.811 0.678
7.138 0.082 -2.411 27.997 0.960 0.020 5.812 0.680
7.138 0.045 -1.853 27.889 0.960 0.020 5.813 0.680
7.139 0.019 -1.297 27.825 0.960 0.020 5.813 0.681
7.139 0.005 -0.741 27.792 0.960 0.020 5.813 0.681
7.139 0.000 -0.232 25.467 0.960 0.020 5.813 0.681
