RightFarScaleToIntakePath
117
0.000 0.011 0.545 27.231 6.021 0.020 0.257 0.959
0.001 0.022 0.545 -0.003 6.021 0.020 0.257 0.959
0.002 0.049 1.361 40.830 6.021 0.020 0.258 0.958
0.003 0.087 1.905 27.180 6.021 0.020 0.260 0.958
0.006 0.136 2.447 27.114 6.021 0.020 0.263 0.957
0.010 0.196 2.987 27.006 6.021 0.020 0.266 0.956
0.015 0.266 3.524 26.847 6.021 0.020 0.272 0.955
0.022 0.347 4.057 26.626 6.021 0.020 0.278 0.953
0.031 0.439 4.583 26.334 6.021 0.020 0.287 0.951
0.042 0.536 4.832 12.448 6.022 0.020 0.297 0.948
0.054 0.632 4.805 -1.372 6.022 0.020 0.309 0.945
0.069 0.727 4.773 -1.607 6.022 0.020 0.323 0.941
0.085 0.822 4.736 -1.836 6.022 0.020 0.339 0.937
0.104 0.916 4.695 -2.059 6.022 0.020 0.357 0.932
0.124 1.009 4.649 -2.276 6.023 0.020 0.376 0.927
0.146 1.101 4.600 -2.485 6.023 0.020 0.398 0.921
0.170 1.192 4.546 -2.689 6.024 0.020 0.421 0.915
0.195 1.282 4.488 -2.888 6.025 0.020 0.446 0.908
0.223 1.370 4.426 -3.082 6.026 0.020 0.472 0.901
0.252 1.457 4.361 -3.272 6.027 0.020 0.500 0.894
0.283 1.543 4.292 -3.461 6.029 0.020 0.530 0.886
0.315 1.627 4.219 -3.648 6.030 0.020 0.562 0.878
0.349 1.710 4.142 -3.837 6.032 0.020 0.595 0.869
0.385 1.792 4.061 -4.028 6.035 0.020 0.629 0.861
0.423 1.871 3.977 -4.223 6.038 0.020 0.666 0.851
0.462 1.949 3.889 -4.424 6.041 0.020 0.704 0.842
0.502 2.025 3.796 -4.632 6.045 0.020 0.743 0.832
0.544 2.099 3.699 -4.850 6.049 0.020 0.784 0.823
0.588 2.171 3.597 -5.078 6.053 0.020 0.826 0.813
0.632 2.241 3.491 -5.317 6.059 0.020 0.870 0.802
0.679 2.308 3.380 -5.567 6.064 0.020 0.915 0.792
0.726 2.373 3.263 -5.828 6.071 0.020 0.961 0.782
0.775 2.436 3.141 -6.098 6.078 0.020 1.009 0.772
0.825 2.496 3.014 -6.374 6.086 0.020 1.058 0.762
0.876 2.554 2.881 -6.652 6.095 0.020 1.108 0.752
0.928 2.609 2.742 -6.925 6.104 0.020 1.159 0.743
0.981 2.661 2.598 -7.185 6.115 0.020 1.211 0.734
1.035 2.710 2.450 -7.417 6.127 0.020 1.265 0.725
1.090 2.756 2.298 -7.607 6.139 0.020 1.319 0.717
1.146 2.799 2.143 -7.733 6.153 0.020 1.375 0.709
1.203 2.838 1.988 -7.767 6.168 0.020 1.431 0.702
1.261 2.875 1.834 -7.678 6.184 0.020 1.488 0.696
1.319 2.909 1.686 -7.427 6.201 0.020 1.546 0.691
1.378 2.940 1.547 -6.967 6.220 0.020 1.605 0.686
1.437 2.968 1.422 -6.247 6.240 0.020 1.664 0.683
1.497 2.995 1.317 -5.211 6.262 0.020 1.724 0.681
1.557 3.019 1.241 -3.805 0.002 0.020 1.785 0.681
1.618 3.043 1.202 -1.975 0.027 0.020 1.845 0.681
1.680 3.068 1.208 0.318 0.053 0.020 1.907 0.684
1.741 3.093 1.270 3.093 0.080 0.020 1.968 0.688
1.804 3.117 1.211 -2.928 0.109 0.020 2.030 0.694
1.867 3.138 1.050 -8.068 0.139 0.020 2.093 0.702
1.930 3.158 0.977 -3.657 0.171 0.020 2.155 0.711
1.993 3.177 0.984 0.372 0.203 0.020 2.218 0.723
2.057 3.199 1.059 3.721 0.235 0.020 2.280 0.737
2.122 3.222 1.181 6.112 0.268 0.020 2.342 0.753
2.187 3.249 1.328 7.335 0.301 0.020 2.405 0.771
2.252 3.276 1.354 1.320 0.333 0.020 2.467 0.792
2.318 3.299 1.164 -9.493 0.365 0.020 2.529 0.814
2.385 3.320 1.030 -6.729 0.396 0.020 2.591 0.839
2.451 3.340 1.001 -1.453 0.426 0.020 2.652 0.866
2.518 3.358 0.885 -5.795 0.455 0.020 2.713 0.894
2.586 3.371 0.677 -10.366 0.482 0.020 2.773 0.925
2.653 3.379 0.380 -14.894 0.508 0.020 2.832 0.957
2.721 3.379 -0.004 -19.160 0.532 0.020 2.891 0.991
2.788 3.369 -0.464 -23.010 0.555 0.020 2.949 1.026
2.855 3.352 -0.855 -19.541 0.576 0.020 3.005 1.061
2.922 3.331 -1.080 -11.277 0.596 0.020 3.061 1.098
2.988 3.305 -1.255 -8.723 0.614 0.020 3.115 1.136
3.054 3.277 -1.441 -9.317 0.630 0.020 3.168 1.174
3.119 3.244 -1.633 -9.604 0.646 0.020 3.220 1.213
3.183 3.207 -1.826 -9.658 0.660 0.020 3.271 1.252
3.246 3.167 -2.017 -9.537 0.673 0.020 3.321 1.291
3.309 3.123 -2.203 -9.292 0.685 0.020 3.370 1.330
3.370 3.075 -2.382 -8.961 0.695 0.020 3.417 1.369
3.431 3.024 -2.554 -8.577 0.705 0.020 3.463 1.408
3.490 2.970 -2.717 -8.161 0.714 0.020 3.509 1.447
3.548 2.913 -2.871 -7.733 0.722 0.020 3.552 1.485
3.605 2.852 -3.018 -7.303 0.730 0.020 3.595 1.523
3.661 2.789 -3.155 -6.883 0.736 0.020 3.636 1.560
3.715 2.723 -3.285 -6.476 0.743 0.020 3.677 1.597
3.769 2.655 -3.406 -6.088 0.748 0.020 3.716 1.633
3.820 2.585 -3.521 -5.719 0.753 0.020 3.754 1.668
3.871 2.512 -3.628 -5.372 0.757 0.020 3.790 1.703
3.919 2.438 -3.729 -5.046 0.761 0.020 3.825 1.736
3.967 2.361 -3.824 -4.741 0.765 0.020 3.860 1.769
4.012 2.283 -3.913 -4.455 0.768 0.020 3.893 1.801
4.056 2.203 -3.997 -4.187 0.770 0.020 3.924 1.831
4.099 2.122 -4.076 -3.936 0.773 0.020 3.955 1.861
4.139 2.039 -4.150 -3.700 0.775 0.020 3.984 1.889
4.179 1.954 -4.219 -3.478 0.777 0.020 4.012 1.917
4.216 1.868 -4.285 -3.269 0.778 0.020 4.038 1.943
4.252 1.782 -4.346 -3.070 0.780 0.020 4.064 1.968
4.285 1.694 -4.404 -2.880 0.781 0.020 4.088 1.992
4.317 1.604 -4.458 -2.699 0.782 0.020 4.110 2.014
4.348 1.514 -4.508 -2.525 0.783 0.020 4.132 2.036
4.376 1.423 -4.555 -2.356 0.783 0.020 4.152 2.056
4.403 1.331 -4.599 -2.193 0.784 0.020 4.171 2.075
4.428 1.238 -4.640 -2.034 0.784 0.020 4.189 2.092
4.451 1.145 -4.677 -1.879 0.785 0.020 4.205 2.108
4.472 1.051 -4.712 -1.726 0.785 0.020 4.220 2.123
4.491 0.956 -4.743 -1.576 0.785 0.020 4.233 2.137
4.508 0.860 -4.772 -1.427 0.785 0.020 4.245 2.149
4.523 0.764 -4.798 -1.280 0.785 0.020 4.256 2.160
4.536 0.668 -4.820 -1.134 0.785 0.020 4.266 2.169
4.548 0.571 -4.840 -0.988 0.785 0.020 4.274 2.177
4.557 0.474 -4.857 -0.843 0.785 0.020 4.280 2.184
4.565 0.380 -4.694 8.149 0.785 0.020 4.286 2.189
4.571 0.295 -4.256 21.912 0.785 0.020 4.290 2.193
4.575 0.221 -3.719 26.832 0.785 0.020 4.293 2.197
4.578 0.157 -3.179 26.972 0.785 0.020 4.295 2.199
4.581 0.104 -2.638 27.075 0.785 0.020 4.297 2.200
4.582 0.062 -2.095 27.146 0.785 0.020 4.298 2.201
4.582 0.031 -1.551 27.191 0.785 0.020 4.298 2.202
4.583 0.011 -1.007 27.216 0.785 0.020 4.298 2.202
4.583 0.002 -0.462 27.227 0.785 0.020 4.298 2.202
4.583 0.000 -0.095 18.368 0.785 0.020 4.298 2.202
0.000 0.011 0.545 27.231 6.021 0.020 -0.257 -0.959
0.001 0.022 0.545 0.003 6.021 0.020 -0.256 -0.959
0.002 0.049 1.362 40.863 6.021 0.020 -0.255 -0.959
0.003 0.087 1.908 27.282 6.021 0.020 -0.254 -0.959
0.006 0.136 2.455 27.348 6.021 0.020 -0.251 -0.960
0.010 0.196 3.004 27.455 6.021 0.020 -0.247 -0.961
0.015 0.267 3.556 27.615 6.021 0.020 -0.242 -0.963
0.022 0.350 4.113 27.836 6.021 0.020 -0.235 -0.964
0.031 0.443 4.675 28.128 6.021 0.020 -0.227 -0.967
0.042 0.543 4.971 14.783 6.022 0.020 -0.216 -0.970
0.055 0.643 4.998 1.372 6.022 0.020 -0.204 -0.973
0.070 0.743 5.030 1.607 6.022 0.020 -0.190 -0.977
0.087 0.845 5.067 1.836 6.022 0.020 -0.173 -0.981
0.106 0.947 5.108 2.059 6.022 0.020 -0.155 -0.986
0.127 1.050 5.154 2.276 6.023 0.020 -0.135 -0.991
0.150 1.154 5.204 2.485 6.023 0.020 -0.112 -0.997
0.175 1.259 5.257 2.689 6.024 0.020 -0.088 -1.004
0.202 1.365 5.315 2.888 6.025 0.020 -0.062 -1.011
0.232 1.473 5.377 3.082 6.026 0.020 -0.033 -1.018
0.263 1.582 5.442 3.272 6.027 0.020 -0.003 -1.026
0.297 1.692 5.511 3.461 6.029 0.020 0.030 -1.035
0.333 1.804 5.584 3.648 6.030 0.020 0.065 -1.044
0.371 1.917 5.661 3.837 6.032 0.020 0.102 -1.053
0.412 2.032 5.742 4.027 6.035 0.020 0.142 -1.063
0.455 2.148 5.826 4.222 6.038 0.020 0.183 -1.074
0.500 2.266 5.915 4.423 6.041 0.020 0.227 -1.085
0.548 2.387 6.007 4.632 6.045 0.020 0.274 -1.096
0.598 2.509 6.104 4.850 6.049 0.020 0.322 -1.108
0.651 2.633 6.206 5.077 6.053 0.020 0.374 -1.120
0.706 2.759 6.312 5.316 6.059 0.020 0.427 -1.133
0.764 2.888 6.423 5.566 6.064 0.020 0.484 -1.145
0.824 3.018 6.540 5.827 6.071 0.020 0.543 -1.158
0.887 3.152 6.662 6.096 6.078 0.020 0.604 -1.171
0.953 3.287 6.789 6.372 6.086 0.020 0.669 -1.184
1.022 3.426 6.922 6.650 6.095 0.020 0.736 -1.198
1.093 3.567 7.061 6.923 6.104 0.020 0.806 -1.211
1.167 3.711 7.204 7.182 6.115 0.020 0.879 -1.223
1.244 3.858 7.353 7.415 6.127 0.020 0.955 -1.236
1.324 4.008 7.505 7.604 6.139 0.020 1.035 -1.248
1.408 4.161 7.659 7.729 6.153 0.020 1.117 -1.259
1.494 4.318 7.815 7.763 6.168 0.020 1.203 -1.270
1.584 4.477 7.968 7.673 6.184 0.020 1.292 -1.279
1.676 4.639 8.117 7.421 6.201 0.020 1.384 -1.288
1.772 4.805 8.256 6.960 6.220 0.020 1.480 -1.295
1.872 4.972 8.381 6.240 6.240 0.020 1.579 -1.300
1.975 5.142 8.485 5.204 6.262 0.020 1.682 -1.303
2.081 5.313 8.561 3.797 0.002 0.020 1.788 -1.304
2.191 5.485 8.600 1.968 0.027 0.020 1.898 -1.303
2.304 5.657 8.593 -0.325 0.053 0.020 2.011 -1.298
2.420 5.828 8.531 -3.099 0.080 0.020 2.128 -1.291
2.540 5.988 8.045 -24.304 0.109 0.020 2.247 -1.279
2.663 6.131 7.118 -46.390 0.139 0.020 2.368 -1.264
2.788 6.253 6.102 -50.796 0.171 0.020 2.492 -1.245
2.915 6.353 5.005 -54.822 0.203 0.020 2.617 -1.221
3.043 6.430 3.842 -58.166 0.235 0.020 2.742 -1.193
3.173 6.482 2.631 -60.555 0.268 0.020 2.868 -1.161
3.303 6.510 1.395 -61.776 0.301 0.020 2.993 -1.124
3.433 6.509 -0.074 -73.484 0.333 0.020 3.117 -1.084
3.563 6.471 -1.872 -89.901 0.365 0.020 3.238 -1.040
3.691 6.404 -3.371 -74.944 0.396 0.020 3.357 -0.992
3.817 6.315 -4.431 -52.997 0.426 0.020 3.473 -0.941
3.941 6.207 -5.404 -48.659 0.455 0.020 3.585 -0.888
4.063 6.081 -6.286 -44.091 0.482 0.020 3.694 -0.833
4.182 5.940 -7.078 -39.567 0.508 0.020 3.798 -0.777
4.298 5.784 -7.784 -35.304 0.532 0.020 3.899 -0.719
4.410 5.616 -8.413 -31.457 0.555 0.020 3.995 -0.661
4.519 5.441 -8.757 -17.202 0.576 0.020 4.087 -0.603
4.624 5.266 -8.722 1.763 0.596 0.020 4.174 -0.545
4.726 5.095 -8.547 8.714 0.614 0.020 4.258 -0.487
4.824 4.928 -8.361 9.309 0.630 0.020 4.338 -0.429
4.920 4.765 -8.169 9.597 0.646 0.020 4.415 -0.373
5.012 4.605 -7.976 9.652 0.660 0.020 4.488 -0.317
5.101 4.450 -7.786 9.532 0.673 0.020 4.558 -0.262
5.187 4.298 -7.600 9.287 0.685 0.020 4.625 -0.208
5.270 4.149 -7.421 8.957 0.695 0.020 4.689 -0.155
5.350 4.004 -7.249 8.573 0.705 0.020 4.750 -0.103
5.427 3.863 -7.086 8.158 0.714 0.020 4.809 -0.053
5.502 3.724 -6.931 7.730 0.722 0.020 4.865 -0.004
5.573 3.588 -6.785 7.301 0.730 0.020 4.918 0.044
5.642 3.455 -6.648 6.881 0.736 0.020 4.970 0.090
5.709 3.325 -6.518 6.475 0.743 0.020 5.019 0.135
5.773 3.197 -6.397 6.086 0.748 0.020 5.066 0.178
5.834 3.071 -6.282 5.718 0.753 0.020 5.111 0.220
5.893 2.948 -6.175 5.372 0.757 0.020 5.154 0.260
5.950 2.826 -6.074 5.046 0.761 0.020 5.195 0.299
6.004 2.707 -5.979 4.740 0.765 0.020 5.234 0.337
6.056 2.589 -5.890 4.454 0.768 0.020 5.271 0.373
6.105 2.473 -5.806 4.187 0.770 0.020 5.307 0.407
6.152 2.358 -5.727 3.936 0.773 0.020 5.340 0.440
6.197 2.245 -5.653 3.700 0.775 0.020 5.373 0.471
6.240 2.134 -5.584 3.478 0.777 0.020 5.403 0.501
6.280 2.023 -5.519 3.268 0.778 0.020 5.432 0.530
6.319 1.914 -5.457 3.070 0.780 0.020 5.459 0.557
6.355 1.806 -5.400 2.880 0.781 0.020 5.485 0.582
6.389 1.699 -5.346 2.699 0.782 0.020 5.509 0.606
6.421 1.593 -5.295 2.525 0.783 0.020 5.532 0.628
6.450 1.488 -5.248 2.356 0.783 0.020 5.553 0.649
6.478 1.384 -5.204 2.193 0.784 0.020 5.572 0.669
6.504 1.281 -5.163 2.034 0.784 0.020 5.590 0.687
6.527 1.178 -5.126 1.879 0.785 0.020 5.607 0.704
6.549 1.077 -5.091 1.726 0.785 0.020 5.622 0.719
6.568 0.975 -5.060 1.576 0.785 0.020 5.636 0.733
6.586 0.875 -5.031 1.427 0.785 0.020 5.648 0.745
6.601 0.775 -5.006 1.280 0.785 0.020 5.659 0.756
6.615 0.675 -4.983 1.134 0.785 0.020 5.669 0.765
6.626 0.576 -4.963 0.988 0.785 0.020 5.677 0.774
6.636 0.477 -4.946 0.843 0.785 0.020 5.684 0.780
6.644 0.382 -4.755 9.577 0.785 0.020 5.689 0.786
6.649 0.296 -4.294 23.045 0.785 0.020 5.693 0.790
6.654 0.221 -3.741 27.630 0.785 0.020 5.697 0.793
6.657 0.157 -3.192 27.489 0.785 0.020 5.699 0.795
6.659 0.104 -2.644 27.387 0.785 0.020 5.700 0.797
6.660 0.062 -2.097 27.316 0.785 0.020 5.701 0.798
6.661 0.031 -1.552 27.271 0.785 0.020 5.702 0.798
6.661 0.011 -1.007 27.246 0.785 0.020 5.702 0.798
6.661 0.002 -0.462 27.235 0.785 0.020 5.702 0.798
6.661 0.000 -0.095 18.368 0.785 0.020 5.702 0.798
