ScaleToIntakePath
107
0.000 0.011 0.544 27.199 5.934 0.020 0.340 0.933
0.001 0.022 0.544 -0.002 5.934 0.020 0.340 0.932
0.002 0.049 1.360 40.790 5.934 0.020 0.341 0.932
0.003 0.087 1.903 27.174 5.934 0.020 0.343 0.931
0.006 0.136 2.446 27.142 5.934 0.020 0.345 0.931
0.010 0.196 2.988 27.089 5.934 0.020 0.349 0.929
0.015 0.266 3.528 27.009 5.934 0.020 0.354 0.927
0.022 0.348 4.066 26.897 5.934 0.020 0.360 0.925
0.031 0.440 4.601 26.745 5.934 0.020 0.369 0.922
0.042 0.537 4.861 12.998 5.934 0.020 0.379 0.918
0.054 0.634 4.846 -0.726 5.934 0.020 0.391 0.914
0.069 0.730 4.829 -0.876 5.934 0.020 0.404 0.909
0.086 0.826 4.808 -1.034 5.934 0.020 0.420 0.903
0.104 0.922 4.784 -1.203 5.935 0.020 0.437 0.897
0.124 1.017 4.756 -1.383 5.935 0.020 0.456 0.890
0.147 1.112 4.725 -1.576 5.935 0.020 0.477 0.883
0.171 1.206 4.689 -1.782 5.935 0.020 0.500 0.874
0.197 1.299 4.649 -2.003 5.936 0.020 0.524 0.865
0.224 1.391 4.604 -2.241 5.937 0.020 0.550 0.856
0.254 1.482 4.554 -2.497 5.937 0.020 0.578 0.846
0.285 1.572 4.499 -2.772 5.938 0.020 0.608 0.835
0.319 1.660 4.438 -3.067 5.939 0.020 0.639 0.824
0.354 1.748 4.370 -3.386 5.941 0.020 0.672 0.812
0.390 1.834 4.295 -3.730 5.942 0.020 0.707 0.800
0.429 1.918 4.213 -4.101 5.944 0.020 0.743 0.787
0.469 2.000 4.123 -4.502 5.946 0.020 0.780 0.774
0.510 2.081 4.025 -4.937 5.948 0.020 0.820 0.760
0.554 2.159 3.916 -5.408 5.951 0.020 0.861 0.746
0.598 2.235 3.798 -5.921 5.955 0.020 0.903 0.732
0.644 2.309 3.668 -6.480 5.958 0.020 0.947 0.717
0.692 2.379 3.527 -7.089 5.963 0.020 0.992 0.702
0.741 2.447 3.371 -7.755 5.968 0.020 1.038 0.686
0.791 2.511 3.202 -8.484 5.973 0.020 1.086 0.671
0.843 2.571 3.016 -9.280 5.980 0.020 1.135 0.655
0.895 2.627 2.813 -10.149 5.987 0.020 1.185 0.640
0.949 2.679 2.591 -11.095 5.995 0.020 1.237 0.624
1.003 2.726 2.349 -12.121 6.004 0.020 1.289 0.609
1.059 2.768 2.084 -13.225 6.015 0.020 1.342 0.594
1.115 2.804 1.796 -14.398 6.026 0.020 1.396 0.580
1.171 2.833 1.484 -15.627 6.039 0.020 1.451 0.566
1.228 2.856 1.146 -16.881 6.054 0.020 1.507 0.552
1.286 2.872 0.784 -18.115 6.070 0.020 1.563 0.540
1.343 2.880 0.399 -19.257 6.088 0.020 1.619 0.528
1.401 2.880 -0.005 -20.202 6.108 0.020 1.676 0.517
1.458 2.871 -0.421 -20.803 6.130 0.020 1.732 0.508
1.515 2.851 -1.027 -30.259 6.154 0.020 1.789 0.500
1.572 2.815 -1.774 -37.354 6.181 0.020 1.845 0.493
1.627 2.767 -2.431 -32.893 6.210 0.020 1.900 0.488
1.681 2.707 -2.971 -26.977 6.241 0.020 1.954 0.485
1.734 2.640 -3.362 -19.547 6.275 0.020 2.007 0.484
1.785 2.569 -3.576 -10.715 0.028 0.020 2.058 0.484
1.835 2.497 -3.593 -0.823 0.066 0.020 2.108 0.487
1.884 2.427 -3.492 5.040 0.106 0.020 2.156 0.491
1.931 2.360 -3.329 8.144 0.147 0.020 2.203 0.497
1.977 2.302 -2.900 21.457 0.188 0.020 2.249 0.504
2.022 2.258 -2.221 33.944 0.230 0.020 2.293 0.514
2.067 2.228 -1.510 35.529 0.272 0.020 2.336 0.525
2.111 2.211 -0.838 33.618 0.312 0.020 2.378 0.538
2.155 2.206 -0.268 28.482 0.352 0.020 2.420 0.552
2.199 2.208 0.148 20.805 0.390 0.020 2.461 0.568
2.244 2.216 0.378 11.519 0.426 0.020 2.502 0.586
2.288 2.226 0.506 6.371 0.460 0.020 2.542 0.605
2.333 2.238 0.614 5.438 0.491 0.020 2.582 0.625
2.378 2.251 0.648 1.700 0.521 0.020 2.621 0.647
2.423 2.263 0.576 -3.623 0.548 0.020 2.660 0.670
2.469 2.271 0.423 -7.648 0.573 0.020 2.699 0.694
2.514 2.276 0.213 -10.515 0.596 0.020 2.737 0.719
2.560 2.275 -0.036 -12.408 0.617 0.020 2.774 0.745
2.605 2.269 -0.306 -13.522 0.636 0.020 2.811 0.772
2.650 2.257 -0.587 -14.037 0.654 0.020 2.847 0.799
2.695 2.240 -0.869 -14.111 0.669 0.020 2.882 0.827
2.739 2.217 -1.146 -13.874 0.684 0.020 2.917 0.854
2.783 2.188 -1.415 -13.428 0.697 0.020 2.950 0.882
2.826 2.155 -1.672 -12.854 0.708 0.020 2.983 0.910
2.869 2.117 -1.916 -12.209 0.719 0.020 3.015 0.938
2.910 2.074 -2.147 -11.537 0.728 0.020 3.046 0.965
2.951 2.026 -2.364 -10.865 0.736 0.020 3.077 0.992
2.990 1.975 -2.569 -10.214 0.744 0.020 3.106 1.019
3.028 1.920 -2.761 -9.595 0.750 0.020 3.134 1.045
3.066 1.861 -2.941 -9.015 0.756 0.020 3.161 1.070
3.102 1.799 -3.110 -8.475 0.761 0.020 3.187 1.095
3.136 1.733 -3.270 -7.976 0.765 0.020 3.212 1.119
3.170 1.665 -3.420 -7.515 0.769 0.020 3.236 1.142
3.201 1.594 -3.562 -7.087 0.772 0.020 3.259 1.164
3.232 1.520 -3.696 -6.689 0.775 0.020 3.281 1.186
3.261 1.443 -3.822 -6.315 0.777 0.020 3.301 1.206
3.288 1.365 -3.941 -5.960 0.779 0.020 3.321 1.225
3.314 1.284 -4.054 -5.618 0.780 0.020 3.339 1.243
3.338 1.200 -4.159 -5.286 0.782 0.020 3.356 1.260
3.360 1.115 -4.258 -4.957 0.783 0.020 3.372 1.276
3.381 1.028 -4.351 -4.628 0.783 0.020 3.387 1.290
3.399 0.939 -4.437 -4.295 0.784 0.020 3.400 1.303
3.416 0.849 -4.516 -3.954 0.785 0.020 3.412 1.315
3.432 0.757 -4.588 -3.604 0.785 0.020 3.423 1.326
3.445 0.664 -4.653 -3.243 0.785 0.020 3.432 1.336
3.456 0.570 -4.710 -2.869 0.785 0.020 3.440 1.344
3.466 0.475 -4.760 -2.482 0.785 0.020 3.447 1.350
3.473 0.382 -4.638 6.098 0.785 0.020 3.452 1.356
3.479 0.297 -4.236 20.116 0.785 0.020 3.456 1.360
3.484 0.223 -3.716 25.979 0.785 0.020 3.460 1.363
3.487 0.159 -3.188 26.401 0.785 0.020 3.462 1.365
3.489 0.106 -2.654 26.714 0.785 0.020 3.463 1.367
3.490 0.064 -2.115 26.932 0.785 0.020 3.464 1.368
3.491 0.032 -1.574 27.072 0.785 0.020 3.465 1.368
3.491 0.012 -1.031 27.151 0.785 0.020 3.465 1.368
3.491 0.002 -0.487 27.187 0.785 0.020 3.465 1.368
3.491 0.000 -0.107 18.971 0.785 0.020 3.465 1.368
0.000 0.011 0.544 27.199 5.934 0.020 -0.339 -0.933
0.001 0.022 0.544 0.002 5.934 0.020 -0.339 -0.933
0.002 0.049 1.360 40.806 5.934 0.020 -0.338 -0.933
0.003 0.087 1.905 27.223 5.934 0.020 -0.336 -0.934
0.006 0.136 2.450 27.255 5.934 0.020 -0.334 -0.935
0.010 0.196 2.996 27.308 5.934 0.020 -0.330 -0.936
0.015 0.267 3.544 27.388 5.934 0.020 -0.325 -0.938
0.022 0.349 4.094 27.500 5.934 0.020 -0.319 -0.940
0.031 0.442 4.647 27.652 5.934 0.020 -0.310 -0.943
0.042 0.540 4.931 14.201 5.934 0.020 -0.300 -0.947
0.055 0.639 4.945 0.726 5.934 0.020 -0.288 -0.951
0.069 0.738 4.963 0.876 5.934 0.020 -0.274 -0.956
0.086 0.838 4.983 1.034 5.934 0.020 -0.258 -0.962
0.105 0.938 5.007 1.203 5.935 0.020 -0.241 -0.968
0.126 1.039 5.035 1.383 5.935 0.020 -0.221 -0.976
0.149 1.140 5.067 1.576 5.935 0.020 -0.200 -0.983
0.173 1.242 5.102 1.782 5.935 0.020 -0.177 -0.992
0.200 1.345 5.142 2.003 5.936 0.020 -0.151 -1.001
0.229 1.449 5.187 2.241 5.937 0.020 -0.124 -1.011
0.260 1.554 5.237 2.497 5.937 0.020 -0.095 -1.021
0.294 1.659 5.293 2.772 5.938 0.020 -0.064 -1.033
0.329 1.767 5.354 3.067 5.939 0.020 -0.030 -1.045
0.366 1.875 5.422 3.386 5.941 0.020 0.005 -1.057
0.406 1.985 5.496 3.730 5.942 0.020 0.042 -1.070
0.448 2.096 5.578 4.101 5.944 0.020 0.082 -1.084
0.492 2.210 5.668 4.502 5.946 0.020 0.124 -1.099
0.539 2.325 5.767 4.936 5.948 0.020 0.168 -1.114
0.588 2.443 5.875 5.408 5.951 0.020 0.214 -1.130
0.639 2.563 5.994 5.921 5.955 0.020 0.262 -1.147
0.692 2.685 6.123 6.479 5.958 0.020 0.313 -1.164
0.749 2.810 6.265 7.089 5.963 0.020 0.366 -1.182
0.807 2.939 6.420 7.755 5.968 0.020 0.422 -1.201
0.869 3.071 6.590 8.483 5.973 0.020 0.481 -1.219
0.933 3.206 6.775 9.278 5.980 0.020 0.542 -1.239
1.000 3.346 6.978 10.147 5.987 0.020 0.606 -1.259
1.070 3.490 7.200 11.093 5.995 0.020 0.673 -1.279
1.142 3.638 7.442 12.118 6.004 0.020 0.742 -1.299
1.218 3.793 7.707 13.221 6.015 0.020 0.815 -1.320
1.297 3.952 7.995 14.394 6.026 0.020 0.892 -1.340
1.380 4.119 8.307 15.621 6.039 0.020 0.972 -1.361
1.466 4.292 8.645 16.874 6.054 0.020 1.055 -1.381
1.555 4.472 9.007 18.106 6.070 0.020 1.142 -1.400
1.648 4.659 9.392 19.246 6.088 0.020 1.233 -1.419
1.745 4.855 9.795 20.189 6.108 0.020 1.329 -1.437
1.846 5.060 10.211 20.787 6.130 0.020 1.429 -1.454
1.952 5.265 10.272 3.044 6.154 0.020 1.533 -1.469
2.061 5.464 9.931 -17.059 6.181 0.020 1.642 -1.481
2.174 5.654 9.501 -21.518 6.210 0.020 1.754 -1.491
2.291 5.833 8.952 -27.432 6.241 0.020 1.871 -1.498
2.411 5.998 8.255 -34.858 6.275 0.020 1.991 -1.501
2.534 6.145 7.381 -43.684 0.028 0.020 2.113 -1.500
2.659 6.272 6.310 -53.567 0.066 0.020 2.239 -1.494
2.786 6.367 4.792 -75.870 0.106 0.020 2.366 -1.483
2.915 6.421 2.669 -106.156 0.147 0.020 2.493 -1.467
3.044 6.433 0.609 -103.011 0.188 0.020 2.620 -1.445
3.172 6.410 -1.157 -88.300 0.230 0.020 2.745 -1.419
3.299 6.351 -2.955 -89.884 0.272 0.020 2.868 -1.387
3.424 6.257 -4.714 -87.976 0.312 0.020 2.988 -1.351
3.546 6.129 -6.371 -82.847 0.352 0.020 3.104 -1.311
3.666 5.972 -7.875 -75.179 0.390 0.020 3.215 -1.268
3.782 5.788 -9.193 -65.903 0.426 0.020 3.322 -1.222
3.893 5.586 -10.079 -44.315 0.460 0.020 3.423 -1.174
4.001 5.378 -10.403 -16.193 0.491 0.020 3.518 -1.125
4.104 5.169 -10.437 -1.713 0.521 0.020 3.609 -1.075
4.204 4.962 -10.365 3.609 0.548 0.020 3.694 -1.024
4.299 4.758 -10.212 7.633 0.573 0.020 3.775 -0.974
4.390 4.558 -10.002 10.501 0.596 0.020 3.851 -0.923
4.477 4.363 -9.754 12.396 0.617 0.020 3.922 -0.874
4.561 4.173 -9.484 13.511 0.636 0.020 3.990 -0.825
4.640 3.989 -9.204 14.027 0.654 0.020 4.054 -0.777
4.717 3.810 -8.922 14.102 0.669 0.020 4.114 -0.730
4.789 3.638 -8.644 13.866 0.684 0.020 4.171 -0.684
4.859 3.470 -8.376 13.422 0.697 0.020 4.224 -0.640
4.925 3.308 -8.119 12.849 0.708 0.020 4.275 -0.598
4.988 3.150 -7.875 12.205 0.719 0.020 4.322 -0.556
5.048 2.997 -7.644 11.533 0.728 0.020 4.367 -0.517
5.105 2.849 -7.427 10.862 0.736 0.020 4.409 -0.479
5.159 2.704 -7.223 10.212 0.744 0.020 4.449 -0.442
5.210 2.564 -7.031 9.594 0.750 0.020 4.487 -0.407
5.259 2.427 -6.851 9.014 0.756 0.020 4.522 -0.374
5.305 2.293 -6.681 8.474 0.761 0.020 4.556 -0.342
5.348 2.163 -6.522 7.975 0.765 0.020 4.587 -0.313
5.388 2.035 -6.371 7.514 0.769 0.020 4.616 -0.284
5.427 1.911 -6.230 7.086 0.772 0.020 4.644 -0.258
5.462 1.789 -6.096 6.688 0.775 0.020 4.669 -0.233
5.496 1.669 -5.970 6.314 0.777 0.020 4.693 -0.209
5.527 1.552 -5.850 5.959 0.779 0.020 4.715 -0.188
5.556 1.438 -5.738 5.618 0.780 0.020 4.736 -0.167
5.582 1.325 -5.632 5.285 0.782 0.020 4.755 -0.149
5.606 1.214 -5.533 4.957 0.783 0.020 4.772 -0.132
5.629 1.105 -5.441 4.628 0.783 0.020 4.787 -0.116
5.649 0.998 -5.355 4.295 0.784 0.020 4.802 -0.102
5.666 0.893 -5.276 3.954 0.785 0.020 4.814 -0.089
5.682 0.789 -5.204 3.604 0.785 0.020 4.825 -0.078
5.696 0.686 -5.139 3.243 0.785 0.020 4.835 -0.068
5.708 0.584 -5.081 2.869 0.785 0.020 4.843 -0.060
5.717 0.484 -5.032 2.482 0.785 0.020 4.850 -0.053
5.725 0.387 -4.825 10.354 0.785 0.020 4.856 -0.048
5.731 0.300 -4.354 23.535 0.785 0.020 4.860 -0.044
5.735 0.224 -3.786 28.418 0.785 0.020 4.863 -0.040
5.739 0.160 -3.226 27.996 0.785 0.020 4.865 -0.038
5.741 0.106 -2.672 27.683 0.785 0.020 4.867 -0.037
5.742 0.064 -2.123 27.466 0.785 0.020 4.868 -0.036
5.743 0.033 -1.576 27.326 0.785 0.020 4.868 -0.035
5.743 0.012 -1.031 27.247 0.785 0.020 4.868 -0.035
5.743 0.002 -0.487 27.211 0.785 0.020 4.868 -0.035
5.743 0.000 -0.107 18.974 0.785 0.020 4.868 -0.035
