SlowNearScalePath
239
0.000 0.011 0.571 28.571 0.000 0.020 0.000 0.992
0.001 0.023 0.571 0.000 0.000 0.020 0.001 0.992
0.002 0.051 1.429 42.857 0.000 0.020 0.002 0.992
0.003 0.091 2.000 28.571 0.000 0.020 0.003 0.992
0.006 0.143 2.571 28.571 0.000 0.020 0.006 0.992
0.010 0.206 3.143 28.571 0.000 0.020 0.010 0.992
0.016 0.280 3.714 28.571 0.000 0.020 0.016 0.992
0.023 0.360 4.000 14.286 0.000 0.020 0.023 0.992
0.032 0.440 4.000 0.000 0.000 0.020 0.032 0.992
0.042 0.520 4.000 -0.000 0.000 0.020 0.042 0.992
0.054 0.600 4.000 0.000 0.000 0.020 0.054 0.992
0.068 0.680 4.000 -0.000 0.000 0.020 0.068 0.992
0.083 0.760 4.000 -0.000 0.000 0.020 0.083 0.992
0.100 0.840 4.000 -0.000 0.000 0.020 0.100 0.992
0.118 0.920 4.000 0.000 0.000 0.020 0.118 0.992
0.138 1.000 4.000 -0.000 0.000 0.020 0.138 0.992
0.160 1.080 4.000 0.000 0.000 0.020 0.160 0.992
0.183 1.160 4.000 -0.000 0.000 0.020 0.183 0.992
0.208 1.240 4.000 0.000 0.000 0.020 0.208 0.992
0.234 1.320 4.000 0.000 0.000 0.020 0.234 0.992
0.262 1.400 4.000 -0.000 0.000 0.020 0.262 0.992
0.292 1.480 4.000 0.000 0.000 0.020 0.292 0.992
0.323 1.560 4.000 -0.000 0.000 0.020 0.323 0.992
0.356 1.640 4.000 0.000 0.000 0.020 0.356 0.992
0.390 1.720 4.000 -0.000 0.000 0.020 0.390 0.992
0.426 1.800 4.000 -0.000 0.000 0.020 0.426 0.992
0.464 1.880 4.000 0.000 0.000 0.020 0.464 0.992
0.503 1.960 4.000 0.000 0.000 0.020 0.503 0.992
0.544 2.040 4.000 0.000 0.000 0.020 0.544 0.992
0.586 2.120 4.000 -0.000 0.000 0.020 0.586 0.992
0.630 2.200 4.000 0.000 0.000 0.020 0.630 0.992
0.676 2.280 4.000 0.000 0.000 0.020 0.676 0.992
0.723 2.360 4.000 -0.000 0.000 0.020 0.723 0.992
0.772 2.440 4.000 0.000 0.000 0.020 0.772 0.992
0.822 2.520 4.000 0.000 0.000 0.020 0.822 0.992
0.874 2.600 4.000 -0.000 0.000 0.020 0.874 0.992
0.928 2.680 4.000 -0.000 0.000 0.020 0.928 0.992
0.983 2.760 4.000 0.000 0.000 0.020 0.983 0.992
1.040 2.840 4.000 -0.000 0.000 0.020 1.040 0.992
1.098 2.920 4.000 0.000 0.000 0.020 1.098 0.992
1.158 3.000 4.000 -0.000 0.000 0.020 1.158 0.992
1.220 3.080 4.000 0.000 0.000 0.020 1.220 0.992
1.283 3.160 4.000 -0.000 0.000 0.020 1.283 0.992
1.348 3.240 4.000 0.000 0.000 0.020 1.348 0.992
1.414 3.320 4.000 -0.000 0.000 0.020 1.414 0.992
1.482 3.400 4.000 0.000 0.000 0.020 1.482 0.992
1.552 3.480 4.000 -0.000 0.000 0.020 1.552 0.992
1.623 3.560 4.000 0.000 0.000 0.020 1.623 0.992
1.696 3.640 4.000 0.000 0.000 0.020 1.696 0.992
1.770 3.720 4.000 -0.000 0.000 0.020 1.770 0.992
1.846 3.800 4.000 0.000 0.000 0.020 1.846 0.992
1.924 3.880 4.000 -0.000 0.000 0.020 1.924 0.992
2.003 3.960 4.000 0.000 0.000 0.020 2.003 0.992
2.084 4.040 4.000 0.000 0.000 0.020 2.084 0.992
2.166 4.120 4.000 -0.000 0.000 0.020 2.166 0.992
2.250 4.200 4.000 0.000 0.000 0.020 2.250 0.992
2.336 4.280 4.000 0.000 0.000 0.020 2.336 0.992
2.423 4.360 4.000 0.000 0.000 0.020 2.423 0.992
2.512 4.440 4.000 -0.000 0.000 0.020 2.512 0.992
2.602 4.520 4.000 0.000 0.000 0.020 2.602 0.992
2.694 4.600 4.000 0.000 0.000 0.020 2.694 0.992
2.788 4.680 4.000 -0.000 0.000 0.020 2.788 0.992
2.883 4.760 4.000 0.000 0.000 0.020 2.883 0.992
2.980 4.840 4.000 -0.000 0.000 0.020 2.980 0.992
3.078 4.920 4.000 0.000 0.000 0.020 3.078 0.992
3.178 5.000 4.000 0.000 0.000 0.020 3.178 0.992
3.280 5.080 4.000 -0.000 0.000 0.020 3.280 0.992
3.383 5.160 4.000 0.000 0.000 0.020 3.383 0.992
3.488 5.240 4.000 -0.000 0.000 0.020 3.488 0.992
3.594 5.320 4.000 0.000 0.000 0.020 3.594 0.992
3.702 5.400 4.000 -0.000 0.000 0.020 3.702 0.992
3.812 5.480 4.000 0.000 0.000 0.020 3.812 0.992
3.923 5.560 4.000 0.000 0.000 0.020 3.923 0.992
4.036 5.640 4.000 -0.000 0.000 0.020 4.036 0.992
4.150 5.720 4.000 0.000 0.000 0.020 4.150 0.992
4.266 5.800 4.000 -0.000 0.000 0.020 4.266 0.992
4.384 5.880 4.000 0.000 0.000 0.020 4.384 0.992
4.503 5.960 4.000 0.000 0.000 0.020 4.503 0.992
4.624 6.040 4.000 -0.000 0.000 0.020 4.624 0.992
4.746 6.120 4.000 0.000 0.000 0.020 4.746 0.992
4.870 6.200 4.000 0.000 0.000 0.020 4.870 0.992
4.996 6.280 4.000 -0.000 0.000 0.020 4.996 0.992
5.123 6.360 4.000 -0.000 0.000 0.020 5.123 0.992
5.252 6.440 4.000 0.000 0.000 0.020 5.252 0.992
5.382 6.520 4.000 0.000 0.000 0.020 5.382 0.992
5.514 6.600 4.000 -0.000 0.000 0.020 5.514 0.992
5.648 6.680 4.000 0.000 0.000 0.020 5.648 0.992
5.783 6.760 4.000 -0.000 0.000 0.020 5.783 0.992
5.920 6.840 4.000 0.000 0.000 0.020 5.920 0.992
6.058 6.920 4.000 0.000 0.000 0.020 6.058 0.992
6.198 7.000 4.000 0.000 0.000 0.020 6.198 0.992
6.340 7.080 4.000 -0.000 0.000 0.020 6.340 0.992
6.483 7.160 4.000 0.000 0.000 0.020 6.483 0.992
6.628 7.240 4.000 -0.000 0.000 0.020 6.628 0.992
6.774 7.320 4.000 0.000 0.000 0.020 6.774 0.992
6.922 7.400 4.000 0.000 0.000 0.020 6.922 0.992
7.072 7.480 4.000 -0.000 0.000 0.020 7.072 0.992
7.223 7.560 4.000 0.000 0.000 0.020 7.223 0.992
7.376 7.640 4.000 -0.000 0.000 0.020 7.376 0.992
7.530 7.720 4.000 0.000 0.000 0.020 7.530 0.992
7.686 7.794 3.714 -14.286 0.000 0.020 7.686 0.992
7.843 7.857 3.143 -28.571 0.000 0.020 7.843 0.992
8.002 7.909 2.571 -28.571 0.000 0.020 8.002 0.992
8.161 7.949 2.000 -28.571 0.000 0.020 8.161 0.992
8.320 7.977 1.429 -28.571 0.000 0.020 8.320 0.992
8.480 7.994 0.857 -28.571 0.000 0.020 8.480 0.992
8.640 8.000 0.286 -28.571 0.000 0.020 8.640 0.992
8.800 8.000 0.000 -14.286 0.000 0.020 8.800 0.992
8.960 8.000 0.000 0.000 0.000 0.020 8.960 0.992
9.120 8.000 0.000 0.000 0.000 0.020 9.120 0.992
9.280 8.000 0.000 0.000 0.000 0.020 9.280 0.992
9.440 8.000 0.000 0.000 0.000 0.020 9.440 0.992
9.600 8.000 0.000 0.000 0.000 0.020 9.600 0.992
9.760 8.000 -0.000 -0.000 0.000 0.020 9.760 0.992
9.920 8.000 0.000 0.000 0.000 0.020 9.920 0.992
10.080 8.000 -0.000 -0.000 0.000 0.020 10.080 0.992
10.240 8.000 0.000 0.000 0.000 0.020 10.240 0.992
10.400 8.000 0.000 -0.000 0.000 0.020 10.400 0.992
10.560 8.000 0.000 0.000 0.000 0.020 10.560 0.992
10.720 8.000 -0.000 -0.000 0.000 0.020 10.720 0.992
10.880 8.000 0.000 0.000 0.000 0.020 10.880 0.992
11.040 8.000 0.000 -0.000 0.000 0.020 11.040 0.992
11.200 8.000 -0.000 -0.000 0.000 0.020 11.200 0.992
11.360 8.000 0.000 0.000 0.000 0.020 11.360 0.992
11.520 8.000 -0.000 -0.000 0.000 0.020 11.520 0.992
11.680 8.000 0.000 0.000 0.000 0.020 11.680 0.992
11.840 8.000 0.000 0.000 0.000 0.020 11.840 0.992
12.000 8.000 0.000 0.000 0.000 0.020 12.000 0.992
12.160 7.986 -0.681 -34.057 0.000 0.020 12.160 0.992
12.317 7.887 -4.948 -213.364 0.003 0.020 12.317 0.993
12.473 7.781 -5.306 -17.883 0.007 0.020 12.473 0.993
12.627 7.684 -4.883 21.131 0.013 0.020 12.627 0.995
12.779 7.588 -4.761 6.145 0.021 0.020 12.779 0.998
12.928 7.490 -4.907 -7.334 0.031 0.020 12.928 1.001
13.076 7.389 -5.048 -7.057 0.043 0.020 13.076 1.007
13.222 7.286 -5.183 -6.708 0.055 0.020 13.221 1.014
13.365 7.179 -5.310 -6.359 0.069 0.020 13.365 1.023
13.507 7.071 -5.431 -6.088 0.083 0.020 13.506 1.034
13.646 6.960 -5.544 -5.634 0.098 0.020 13.644 1.046
13.783 6.852 -5.403 7.046 0.114 0.020 13.781 1.061
13.918 6.751 -5.026 18.884 0.131 0.020 13.915 1.077
14.051 6.658 -4.666 18.000 0.147 0.020 14.047 1.096
14.183 6.572 -4.325 17.033 0.164 0.020 14.176 1.116
14.313 6.491 -4.006 15.969 0.180 0.020 14.304 1.138
14.441 6.417 -3.709 14.809 0.197 0.020 14.430 1.162
14.568 6.348 -3.438 13.562 0.213 0.020 14.555 1.188
14.694 6.285 -3.193 12.246 0.229 0.020 14.677 1.216
14.818 6.225 -2.975 10.885 0.245 0.020 14.798 1.245
14.941 6.169 -2.785 9.505 0.260 0.020 14.918 1.276
15.064 6.117 -2.623 8.133 0.274 0.020 15.036 1.308
15.185 6.067 -2.487 6.794 0.288 0.020 15.152 1.342
15.306 6.020 -2.377 5.511 0.302 0.020 15.268 1.377
15.425 5.974 -2.291 4.300 0.314 0.020 15.381 1.413
15.544 5.929 -2.227 3.176 0.326 0.020 15.494 1.450
15.661 5.886 -2.184 2.148 0.337 0.020 15.605 1.489
15.778 5.842 -2.160 1.220 0.348 0.020 15.715 1.528
15.894 5.799 -2.152 0.394 0.357 0.020 15.824 1.568
16.009 5.756 -2.158 -0.332 0.366 0.020 15.932 1.609
16.124 5.713 -2.178 -0.963 0.374 0.020 16.038 1.650
16.237 5.669 -2.208 -1.505 0.382 0.020 16.144 1.692
16.349 5.624 -2.247 -1.965 0.388 0.020 16.248 1.734
16.461 5.578 -2.294 -2.350 0.394 0.020 16.351 1.777
16.572 5.531 -2.347 -2.669 0.400 0.020 16.453 1.819
16.681 5.483 -2.406 -2.928 0.405 0.020 16.554 1.862
16.790 5.433 -2.469 -3.136 0.409 0.020 16.654 1.905
16.897 5.383 -2.535 -3.298 0.412 0.020 16.753 1.948
17.004 5.331 -2.603 -3.422 0.415 0.020 16.850 1.991
17.110 5.277 -2.673 -3.511 0.418 0.020 16.947 2.034
17.214 5.222 -2.745 -3.572 0.420 0.020 17.042 2.076
17.317 5.166 -2.817 -3.608 0.421 0.020 17.136 2.119
17.420 5.108 -2.889 -3.622 0.422 0.020 17.230 2.160
17.521 5.049 -2.962 -3.618 0.423 0.020 17.322 2.202
17.620 4.988 -3.034 -3.597 0.423 0.020 17.413 2.243
17.719 4.926 -3.105 -3.563 0.423 0.020 17.503 2.283
17.816 4.863 -3.175 -3.516 0.422 0.020 17.591 2.323
17.912 4.798 -3.244 -3.458 0.421 0.020 17.679 2.362
18.007 4.731 -3.312 -3.390 0.420 0.020 17.765 2.401
18.100 4.664 -3.378 -3.312 0.419 0.020 17.850 2.439
18.192 4.595 -3.443 -3.227 0.417 0.020 17.934 2.476
18.282 4.525 -3.506 -3.133 0.416 0.020 18.017 2.513
18.371 4.454 -3.566 -3.033 0.414 0.020 18.099 2.549
18.459 4.381 -3.625 -2.926 0.412 0.020 18.179 2.584
18.545 4.307 -3.681 -2.813 0.409 0.020 18.258 2.618
18.630 4.233 -3.735 -2.694 0.407 0.020 18.336 2.652
18.713 4.157 -3.786 -2.571 0.405 0.020 18.412 2.685
18.795 4.080 -3.835 -2.443 0.402 0.020 18.487 2.717
18.875 4.003 -3.881 -2.311 0.400 0.020 18.561 2.748
18.953 3.924 -3.925 -2.177 0.397 0.020 18.633 2.779
19.030 3.845 -3.966 -2.039 0.395 0.020 18.704 2.808
19.105 3.765 -4.004 -1.900 0.392 0.020 18.774 2.837
19.179 3.684 -4.039 -1.760 0.390 0.020 18.842 2.865
19.251 3.603 -4.071 -1.619 0.387 0.020 18.908 2.892
19.321 3.521 -4.101 -1.479 0.385 0.020 18.974 2.919
19.390 3.438 -4.128 -1.339 0.382 0.020 19.037 2.945
19.457 3.355 -4.152 -1.200 0.380 0.020 19.100 2.970
19.523 3.271 -4.173 -1.064 0.378 0.020 19.160 2.994
19.586 3.188 -4.192 -0.930 0.375 0.020 19.220 3.017
19.649 3.103 -4.208 -0.799 0.373 0.020 19.277 3.040
19.709 3.019 -4.221 -0.672 0.371 0.020 19.334 3.062
19.768 2.934 -4.232 -0.550 0.369 0.020 19.388 3.083
19.825 2.850 -4.241 -0.432 0.367 0.020 19.442 3.104
19.880 2.765 -4.247 -0.319 0.366 0.020 19.493 3.123
19.933 2.680 -4.251 -0.212 0.364 0.020 19.543 3.143
19.985 2.595 -4.254 -0.110 0.362 0.020 19.592 3.161
20.036 2.509 -4.254 -0.015 0.361 0.020 19.639 3.179
20.084 2.424 -4.252 0.074 0.360 0.020 19.684 3.196
20.131 2.339 -4.249 0.157 0.358 0.020 19.728 3.212
20.176 2.255 -4.245 0.233 0.357 0.020 19.770 3.228
20.219 2.170 -4.239 0.302 0.356 0.020 19.811 3.243
20.261 2.085 -4.231 0.364 0.355 0.020 19.850 3.258
20.301 2.001 -4.223 0.420 0.354 0.020 19.887 3.272
20.339 1.916 -4.213 0.468 0.354 0.020 19.923 3.285
20.376 1.832 -4.203 0.510 0.353 0.020 19.958 3.298
20.411 1.749 -4.192 0.545 0.352 0.020 19.991 3.310
20.444 1.665 -4.181 0.574 0.352 0.020 20.022 3.321
20.476 1.582 -4.169 0.596 0.351 0.020 20.052 3.332
20.506 1.498 -4.157 0.611 0.351 0.020 20.080 3.342
20.534 1.416 -4.144 0.620 0.351 0.020 20.106 3.352
20.561 1.333 -4.132 0.624 0.350 0.020 20.131 3.361
20.586 1.250 -4.119 0.621 0.350 0.020 20.155 3.370
20.609 1.168 -4.107 0.613 0.350 0.020 20.177 3.378
20.631 1.086 -4.095 0.599 0.350 0.020 20.197 3.385
20.651 1.005 -4.084 0.581 0.349 0.020 20.216 3.392
20.670 0.923 -4.072 0.558 0.349 0.020 20.233 3.398
20.686 0.842 -4.062 0.530 0.349 0.020 20.249 3.404
20.702 0.761 -4.052 0.498 0.349 0.020 20.264 3.409
20.715 0.680 -4.043 0.462 0.349 0.020 20.276 3.414
20.727 0.600 -4.034 0.423 0.349 0.020 20.288 3.418
20.738 0.519 -4.027 0.380 0.349 0.020 20.297 3.422
20.746 0.439 -4.020 0.335 0.349 0.020 20.306 3.425
20.754 0.358 -4.014 0.288 0.349 0.020 20.312 3.427
20.759 0.278 -4.002 0.610 0.349 0.020 20.318 3.429
20.763 0.204 -3.705 14.849 0.349 0.020 20.321 3.430
20.766 0.142 -3.131 28.705 0.349 0.020 20.324 3.431
20.768 0.090 -2.558 28.649 0.349 0.020 20.326 3.432
20.769 0.051 -1.986 28.612 0.349 0.020 20.327 3.432
20.769 0.022 -1.414 28.589 0.349 0.020 20.327 3.433
20.769 0.006 -0.842 28.577 0.349 0.020 20.327 3.433
20.769 0.000 -0.278 28.200 0.349 0.020 20.327 3.433
0.000 0.011 0.571 28.571 0.000 0.020 0.000 -0.992
0.001 0.023 0.571 0.000 0.000 0.020 0.001 -0.992
0.002 0.051 1.429 42.857 0.000 0.020 0.002 -0.992
0.003 0.091 2.000 28.571 0.000 0.020 0.003 -0.992
0.006 0.143 2.571 28.571 0.000 0.020 0.006 -0.992
0.010 0.206 3.143 28.571 0.000 0.020 0.010 -0.992
0.016 0.280 3.714 28.571 0.000 0.020 0.016 -0.992
0.023 0.360 4.000 14.286 0.000 0.020 0.023 -0.992
0.032 0.440 4.000 0.000 0.000 0.020 0.032 -0.992
0.042 0.520 4.000 -0.000 0.000 0.020 0.042 -0.992
0.054 0.600 4.000 0.000 0.000 0.020 0.054 -0.992
0.068 0.680 4.000 -0.000 0.000 0.020 0.068 -0.992
0.083 0.760 4.000 -0.000 0.000 0.020 0.083 -0.992
0.100 0.840 4.000 -0.000 0.000 0.020 0.100 -0.992
0.118 0.920 4.000 0.000 0.000 0.020 0.118 -0.992
0.138 1.000 4.000 -0.000 0.000 0.020 0.138 -0.992
0.160 1.080 4.000 0.000 0.000 0.020 0.160 -0.992
0.183 1.160 4.000 -0.000 0.000 0.020 0.183 -0.992
0.208 1.240 4.000 0.000 0.000 0.020 0.208 -0.992
0.234 1.320 4.000 0.000 0.000 0.020 0.234 -0.992
0.262 1.400 4.000 -0.000 0.000 0.020 0.262 -0.992
0.292 1.480 4.000 0.000 0.000 0.020 0.292 -0.992
0.323 1.560 4.000 -0.000 0.000 0.020 0.323 -0.992
0.356 1.640 4.000 0.000 0.000 0.020 0.356 -0.992
0.390 1.720 4.000 -0.000 0.000 0.020 0.390 -0.992
0.426 1.800 4.000 -0.000 0.000 0.020 0.426 -0.992
0.464 1.880 4.000 0.000 0.000 0.020 0.464 -0.992
0.503 1.960 4.000 0.000 0.000 0.020 0.503 -0.992
0.544 2.040 4.000 0.000 0.000 0.020 0.544 -0.992
0.586 2.120 4.000 -0.000 0.000 0.020 0.586 -0.992
0.630 2.200 4.000 0.000 0.000 0.020 0.630 -0.992
0.676 2.280 4.000 0.000 0.000 0.020 0.676 -0.992
0.723 2.360 4.000 -0.000 0.000 0.020 0.723 -0.992
0.772 2.440 4.000 0.000 0.000 0.020 0.772 -0.992
0.822 2.520 4.000 0.000 0.000 0.020 0.822 -0.992
0.874 2.600 4.000 -0.000 0.000 0.020 0.874 -0.992
0.928 2.680 4.000 -0.000 0.000 0.020 0.928 -0.992
0.983 2.760 4.000 0.000 0.000 0.020 0.983 -0.992
1.040 2.840 4.000 -0.000 0.000 0.020 1.040 -0.992
1.098 2.920 4.000 0.000 0.000 0.020 1.098 -0.992
1.158 3.000 4.000 -0.000 0.000 0.020 1.158 -0.992
1.220 3.080 4.000 0.000 0.000 0.020 1.220 -0.992
1.283 3.160 4.000 -0.000 0.000 0.020 1.283 -0.992
1.348 3.240 4.000 0.000 0.000 0.020 1.348 -0.992
1.414 3.320 4.000 -0.000 0.000 0.020 1.414 -0.992
1.482 3.400 4.000 0.000 0.000 0.020 1.482 -0.992
1.552 3.480 4.000 -0.000 0.000 0.020 1.552 -0.992
1.623 3.560 4.000 0.000 0.000 0.020 1.623 -0.992
1.696 3.640 4.000 0.000 0.000 0.020 1.696 -0.992
1.770 3.720 4.000 -0.000 0.000 0.020 1.770 -0.992
1.846 3.800 4.000 0.000 0.000 0.020 1.846 -0.992
1.924 3.880 4.000 -0.000 0.000 0.020 1.924 -0.992
2.003 3.960 4.000 0.000 0.000 0.020 2.003 -0.992
2.084 4.040 4.000 0.000 0.000 0.020 2.084 -0.992
2.166 4.120 4.000 -0.000 0.000 0.020 2.166 -0.992
2.250 4.200 4.000 0.000 0.000 0.020 2.250 -0.992
2.336 4.280 4.000 0.000 0.000 0.020 2.336 -0.992
2.423 4.360 4.000 0.000 0.000 0.020 2.423 -0.992
2.512 4.440 4.000 -0.000 0.000 0.020 2.512 -0.992
2.602 4.520 4.000 0.000 0.000 0.020 2.602 -0.992
2.694 4.600 4.000 0.000 0.000 0.020 2.694 -0.992
2.788 4.680 4.000 -0.000 0.000 0.020 2.788 -0.992
2.883 4.760 4.000 0.000 0.000 0.020 2.883 -0.992
2.980 4.840 4.000 -0.000 0.000 0.020 2.980 -0.992
3.078 4.920 4.000 0.000 0.000 0.020 3.078 -0.992
3.178 5.000 4.000 0.000 0.000 0.020 3.178 -0.992
3.280 5.080 4.000 -0.000 0.000 0.020 3.280 -0.992
3.383 5.160 4.000 0.000 0.000 0.020 3.383 -0.992
3.488 5.240 4.000 -0.000 0.000 0.020 3.488 -0.992
3.594 5.320 4.000 0.000 0.000 0.020 3.594 -0.992
3.702 5.400 4.000 -0.000 0.000 0.020 3.702 -0.992
3.812 5.480 4.000 0.000 0.000 0.020 3.812 -0.992
3.923 5.560 4.000 0.000 0.000 0.020 3.923 -0.992
4.036 5.640 4.000 -0.000 0.000 0.020 4.036 -0.992
4.150 5.720 4.000 0.000 0.000 0.020 4.150 -0.992
4.266 5.800 4.000 -0.000 0.000 0.020 4.266 -0.992
4.384 5.880 4.000 0.000 0.000 0.020 4.384 -0.992
4.503 5.960 4.000 0.000 0.000 0.020 4.503 -0.992
4.624 6.040 4.000 -0.000 0.000 0.020 4.624 -0.992
4.746 6.120 4.000 0.000 0.000 0.020 4.746 -0.992
4.870 6.200 4.000 0.000 0.000 0.020 4.870 -0.992
4.996 6.280 4.000 -0.000 0.000 0.020 4.996 -0.992
5.123 6.360 4.000 -0.000 0.000 0.020 5.123 -0.992
5.252 6.440 4.000 0.000 0.000 0.020 5.252 -0.992
5.382 6.520 4.000 0.000 0.000 0.020 5.382 -0.992
5.514 6.600 4.000 -0.000 0.000 0.020 5.514 -0.992
5.648 6.680 4.000 0.000 0.000 0.020 5.648 -0.992
5.783 6.760 4.000 -0.000 0.000 0.020 5.783 -0.992
5.920 6.840 4.000 0.000 0.000 0.020 5.920 -0.992
6.058 6.920 4.000 0.000 0.000 0.020 6.058 -0.992
6.198 7.000 4.000 0.000 0.000 0.020 6.198 -0.992
6.340 7.080 4.000 -0.000 0.000 0.020 6.340 -0.992
6.483 7.160 4.000 0.000 0.000 0.020 6.483 -0.992
6.628 7.240 4.000 -0.000 0.000 0.020 6.628 -0.992
6.774 7.320 4.000 0.000 0.000 0.020 6.774 -0.992
6.922 7.400 4.000 0.000 0.000 0.020 6.922 -0.992
7.072 7.480 4.000 -0.000 0.000 0.020 7.072 -0.992
7.223 7.560 4.000 0.000 0.000 0.020 7.223 -0.992
7.376 7.640 4.000 -0.000 0.000 0.020 7.376 -0.992
7.530 7.720 4.000 0.000 0.000 0.020 7.530 -0.992
7.686 7.794 3.714 -14.286 0.000 0.020 7.686 -0.992
7.843 7.857 3.143 -28.571 0.000 0.020 7.843 -0.992
8.002 7.909 2.571 -28.571 0.000 0.020 8.002 -0.992
8.161 7.949 2.000 -28.571 0.000 0.020 8.161 -0.992
8.320 7.977 1.429 -28.571 0.000 0.020 8.320 -0.992
8.480 7.994 0.857 -28.571 0.000 0.020 8.480 -0.992
8.640 8.000 0.286 -28.571 0.000 0.020 8.640 -0.992
8.800 8.000 0.000 -14.286 0.000 0.020 8.800 -0.992
8.960 8.000 0.000 0.000 0.000 0.020 8.960 -0.992
9.120 8.000 0.000 0.000 0.000 0.020 9.120 -0.992
9.280 8.000 0.000 0.000 0.000 0.020 9.280 -0.992
9.440 8.000 0.000 0.000 0.000 0.020 9.440 -0.992
9.600 8.000 0.000 0.000 0.000 0.020 9.600 -0.992
9.760 8.000 -0.000 -0.000 0.000 0.020 9.760 -0.992
9.920 8.000 0.000 0.000 0.000 0.020 9.920 -0.992
10.080 8.000 -0.000 -0.000 0.000 0.020 10.080 -0.992
10.240 8.000 0.000 0.000 0.000 0.020 10.240 -0.992
10.400 8.000 0.000 -0.000 0.000 0.020 10.400 -0.992
10.560 8.000 0.000 0.000 0.000 0.020 10.560 -0.992
10.720 8.000 -0.000 -0.000 0.000 0.020 10.720 -0.992
10.880 8.000 0.000 0.000 0.000 0.020 10.880 -0.992
11.040 8.000 0.000 -0.000 0.000 0.020 11.040 -0.992
11.200 8.000 -0.000 -0.000 0.000 0.020 11.200 -0.992
11.360 8.000 0.000 0.000 0.000 0.020 11.360 -0.992
11.520 8.000 -0.000 -0.000 0.000 0.020 11.520 -0.992
11.680 8.000 0.000 0.000 0.000 0.020 11.680 -0.992
11.840 8.000 0.000 0.000 0.000 0.020 11.840 -0.992
12.000 8.000 0.000 0.000 0.000 0.020 12.000 -0.992
12.160 8.014 0.681 34.057 0.000 0.020 12.160 -0.992
12.323 8.113 4.948 213.355 0.003 0.020 12.323 -0.992
12.487 8.219 5.306 17.868 0.007 0.020 12.487 -0.991
12.653 8.316 4.868 -21.887 0.013 0.020 12.653 -0.990
12.821 8.399 4.158 -35.469 0.021 0.020 12.821 -0.987
12.990 8.462 3.162 -49.814 0.031 0.020 12.990 -0.982
13.161 8.506 2.160 -50.088 0.043 0.020 13.160 -0.976
13.331 8.529 1.152 -50.434 0.055 0.020 13.331 -0.968
13.502 8.531 0.136 -50.780 0.069 0.020 13.501 -0.957
13.672 8.514 -0.885 -51.049 0.083 0.020 13.671 -0.944
13.842 8.476 -1.900 -50.758 0.098 0.020 13.840 -0.929
14.010 8.424 -2.597 -34.865 0.114 0.020 14.007 -0.911
14.177 8.364 -2.975 -18.877 0.131 0.020 14.173 -0.891
14.343 8.298 -3.335 -17.992 0.147 0.020 14.338 -0.868
14.508 8.224 -3.675 -17.026 0.164 0.020 14.500 -0.842
14.671 8.144 -3.994 -15.963 0.180 0.020 14.661 -0.814
14.832 8.058 -4.290 -14.803 0.197 0.020 14.819 -0.784
14.991 7.967 -4.562 -13.557 0.213 0.020 14.975 -0.752
15.149 7.871 -4.806 -12.242 0.229 0.020 15.128 -0.717
15.304 7.771 -5.024 -10.882 0.245 0.020 15.279 -0.681
15.457 7.666 -5.214 -9.503 0.260 0.020 15.428 -0.642
15.608 7.559 -5.377 -8.132 0.274 0.020 15.574 -0.603
15.757 7.448 -5.513 -6.794 0.288 0.020 15.717 -0.561
15.904 7.336 -5.623 -5.511 0.302 0.020 15.857 -0.519
16.049 7.222 -5.709 -4.301 0.314 0.020 15.995 -0.475
16.191 7.106 -5.772 -3.177 0.326 0.020 16.130 -0.430
16.331 6.990 -5.815 -2.150 0.337 0.020 16.262 -0.384
16.468 6.873 -5.840 -1.222 0.348 0.020 16.391 -0.338
16.603 6.756 -5.848 -0.396 0.357 0.020 16.518 -0.292
16.736 6.640 -5.841 0.330 0.366 0.020 16.642 -0.245
16.866 6.523 -5.822 0.961 0.374 0.020 16.764 -0.197
16.995 6.407 -5.792 1.503 0.382 0.020 16.883 -0.150
17.120 6.292 -5.753 1.963 0.388 0.020 17.000 -0.103
17.244 6.178 -5.706 2.349 0.394 0.020 17.114 -0.056
17.365 6.065 -5.652 2.667 0.400 0.020 17.226 -0.009
17.484 5.953 -5.594 2.927 0.405 0.020 17.335 0.038
17.601 5.843 -5.531 3.134 0.409 0.020 17.443 0.084
17.716 5.733 -5.465 3.297 0.412 0.020 17.548 0.130
17.828 5.625 -5.397 3.420 0.415 0.020 17.651 0.175
17.939 5.519 -5.327 3.510 0.418 0.020 17.752 0.220
18.047 5.414 -5.255 3.571 0.420 0.020 17.851 0.264
18.153 5.310 -5.183 3.607 0.421 0.020 17.948 0.307
18.257 5.208 -5.111 3.621 0.422 0.020 18.043 0.350
18.359 5.107 -5.038 3.617 0.423 0.020 18.136 0.392
18.460 5.008 -4.966 3.597 0.423 0.020 18.227 0.433
18.558 4.910 -4.895 3.563 0.423 0.020 18.317 0.473
18.654 4.813 -4.825 3.516 0.422 0.020 18.405 0.512
18.748 4.718 -4.756 3.458 0.421 0.020 18.491 0.551
18.841 4.624 -4.688 3.389 0.420 0.020 18.575 0.589
18.932 4.532 -4.622 3.312 0.419 0.020 18.658 0.626
19.020 4.441 -4.557 3.227 0.417 0.020 18.739 0.662
19.107 4.351 -4.494 3.133 0.416 0.020 18.819 0.697
19.193 4.262 -4.434 3.033 0.414 0.020 18.897 0.731
19.276 4.175 -4.375 2.926 0.412 0.020 18.973 0.765
19.358 4.088 -4.319 2.813 0.409 0.020 19.048 0.797
19.438 4.003 -4.265 2.694 0.407 0.020 19.122 0.829
19.516 3.919 -4.214 2.571 0.405 0.020 19.194 0.860
19.593 3.836 -4.165 2.443 0.402 0.020 19.264 0.890
19.668 3.753 -4.119 2.311 0.400 0.020 19.333 0.920
19.742 3.672 -4.075 2.177 0.397 0.020 19.401 0.948
19.813 3.591 -4.034 2.040 0.395 0.020 19.467 0.976
19.884 3.511 -3.996 1.900 0.392 0.020 19.532 1.003
19.952 3.432 -3.961 1.760 0.390 0.020 19.596 1.029
20.019 3.353 -3.929 1.619 0.387 0.020 19.658 1.054
20.085 3.275 -3.899 1.479 0.385 0.020 19.718 1.079
20.149 3.198 -3.872 1.339 0.382 0.020 19.778 1.103
20.211 3.121 -3.848 1.200 0.380 0.020 19.836 1.126
20.272 3.044 -3.827 1.064 0.378 0.020 19.892 1.149
20.331 2.968 -3.808 0.930 0.375 0.020 19.947 1.170
20.389 2.892 -3.792 0.799 0.373 0.020 20.001 1.192
20.446 2.817 -3.779 0.672 0.371 0.020 20.054 1.212
20.500 2.741 -3.768 0.550 0.369 0.020 20.105 1.232
20.554 2.666 -3.759 0.432 0.367 0.020 20.155 1.251
20.606 2.591 -3.753 0.319 0.366 0.020 20.203 1.270
20.656 2.516 -3.749 0.212 0.364 0.020 20.250 1.288
20.705 2.441 -3.746 0.110 0.362 0.020 20.296 1.305
20.752 2.366 -3.746 0.015 0.361 0.020 20.340 1.322
20.798 2.291 -3.748 -0.074 0.360 0.020 20.383 1.338
20.842 2.216 -3.751 -0.157 0.358 0.020 20.424 1.353
20.885 2.141 -3.755 -0.233 0.357 0.020 20.464 1.368
20.926 2.066 -3.761 -0.302 0.356 0.020 20.503 1.383
20.966 1.991 -3.769 -0.364 0.355 0.020 20.540 1.397
21.005 1.915 -3.777 -0.420 0.354 0.020 20.576 1.410
21.041 1.839 -3.787 -0.468 0.354 0.020 20.611 1.423
21.077 1.763 -3.797 -0.510 0.353 0.020 20.644 1.435
21.110 1.687 -3.808 -0.545 0.352 0.020 20.676 1.447
21.143 1.611 -3.819 -0.574 0.352 0.020 20.706 1.458
21.173 1.534 -3.831 -0.596 0.351 0.020 20.735 1.468
21.202 1.457 -3.843 -0.611 0.351 0.020 20.762 1.478
21.230 1.380 -3.856 -0.620 0.351 0.020 20.788 1.488
21.256 1.303 -3.868 -0.624 0.350 0.020 20.812 1.497
21.281 1.225 -3.881 -0.621 0.350 0.020 20.835 1.505
21.303 1.147 -3.893 -0.613 0.350 0.020 20.857 1.513
21.325 1.069 -3.905 -0.599 0.350 0.020 20.877 1.520
21.345 0.991 -3.916 -0.581 0.349 0.020 20.896 1.527
21.363 0.913 -3.928 -0.558 0.349 0.020 20.913 1.533
21.380 0.834 -3.938 -0.530 0.349 0.020 20.928 1.539
21.395 0.755 -3.948 -0.498 0.349 0.020 20.943 1.544
21.408 0.676 -3.957 -0.462 0.349 0.020 20.955 1.549
21.420 0.596 -3.966 -0.423 0.349 0.020 20.967 1.553
21.430 0.517 -3.973 -0.380 0.349 0.020 20.976 1.557
21.439 0.437 -3.980 -0.335 0.349 0.020 20.984 1.560
21.446 0.358 -3.986 -0.288 0.349 0.020 20.991 1.562
21.452 0.278 -3.983 0.134 0.349 0.020 20.996 1.564
21.456 0.204 -3.694 14.466 0.349 0.020 21.000 1.565
21.459 0.141 -3.125 28.438 0.349 0.020 21.003 1.566
21.461 0.090 -2.555 28.494 0.349 0.020 21.005 1.567
21.462 0.051 -1.985 28.531 0.349 0.020 21.006 1.567
21.462 0.022 -1.414 28.554 0.349 0.020 21.006 1.567
21.462 0.006 -0.842 28.566 0.349 0.020 21.006 1.567
21.462 0.000 -0.278 28.198 0.349 0.020 21.006 1.567
